172.82
0.19614
4.3654
6.1263
6.8269
9.0289
8.4382
7.6548
6.536
4.5853
5.0617
3.9562
5.009
6.418
8.4654
9.4179
13.108
14.829
14.621
15.188
15.751
15.201
12.517
13.756
14.633
14.647
14.63
14.81
13.131
13.215
11.926
11.402
14.039
13.859
14.823
15.004
15.013
15.547
16.308
16.287
16.478
18.544
17.896
19.145
18.7
18.994
19.583
19.93
19.619
20.933
20.761
21.997
21.978
22.001
21.867
22.04
22.123
22.003
22.205
22.18
22.734
23.85
24.795
25.285
25.908
29.313
30.539
31.364
32.139
32.502
32.671
32.521
32.032
31.653
32.772
33.503
33.914
34.577
35.738
37.211
38.452
39.314
40.248
41.777
42.618
42.969
43.478
43.622
43.728
43.678
43.9
43.741
42.118
45.144
46.031
45.328
46.717
47.439
47.64
48.546
49.116
49.691
49.661
49.096
48.229
48.301
47.827
48.619
49.879
50.823
48.735
50.68
50.865
51.727
51.942
52.93
53.801
54.552
54.959
54.972
54.425
53.575
52.542
52.776
53.216
53.955
54.724
55.577
54.941
48.261
51.804
51.642
51.384
50.657
50.091
49.301
45.464
43.253
45.321
46.215
45.668
46.121
45.014
45.17
41.948
40.926
41.457
38.823
38.246
39.549
30.088
18.696
22.976
18.617
18.347
23.697
18.121
20.772
18.424
17.964
18.243
15.537
17.69
24.591
18.671
23.416
18.761
15.505
19.359
13.66
15.153
13.657
13.032
11.461
14.367
12.494
11.883
10.193
10.536
9.6351
9.4311
8.93
11.028
10.424
10.73
8.9872
8.5349
8.3968
9.3019
8.6802
8.4235
7.9541
9.4976
7.6318
7.6476
6.7865
6.8028
7.1378
7.6053
6.0544
6.0918
8.9634
5.6117
5.8304
8.5803
4.0911
4.7506
4.2848
5.6242
7.0838
5.1967
3.3739
3.175
3.0831
3.0229
4.8948
4.8837
5.6111
5.8857
3.4519
3.9837
4.0082
5.2751
2.9286
2.2471
3.292
2.8962
2.9589
3.451
3.8563
3.854
4.1922
4.1981
4.2583
4.3421
5.1017
5.5538
6.8857
7.7989
8.3503
8.9233
9.6277
9.9434
10.998
12.6
13.21
14.803
15.488
16.733
17.079
18.222
18.61
20.13
20.457
21.26
22.119
22.823
23.478
24.386
24.794
26.696
28.344
29.679
30.061
30.231
29.548
30.059
30.675
31.844
32.859
33.491
33.428
34.366
35.417
35.955
36.943
36.951
36.01
35.391
33.787
32.484
31.196
30.573
30.052
29.73
30.286
30.708
30.431
29.971
29.943
29.984
29.917
30.056
124.53
24.875
27.287
26.712
25.662
23.284
23.091
22.539
26.342
32.416
36.626
39.763
43.375
59.646
69.628
76.762
80.572
77.816
77.275
68.079
58.799
51.526
45.748
39.091
32.176
31.246
28.99
28.484
30.349
57.785
73.679
84.991
83.412
89.28
87.814
56.307
24.375
13.467
4.079
4.1177
3.8442
6.8628
2.1457
6.3074
1.7974
6.2143
1.551
16.788
112.9
16.133
16.518
17.478
18.003
18.505
18.864
18.874
18.864
18.819
18.516
18.031
18.342
18.599
18.627
18.569
18.924
18.408
19.019
18.974
19.105
19.263
18.776
18.526
18.633
18.7
18.972
18.502
17.614
17.314
16.707
16.47
16.324
16.093
15.611
15.267
14.799
14.666
13.731
12.678
11.785
11.005
9.8532
8.67
8.0816
7.269
7.2934
7.6567
7.7013
7.8405
7.6215
7.6579
7.8292
7.8419
7.8979
8.0688
7.9343
7.893
7.7601
7.8703
7.8455
7.8095
7.5334
7.5341
7.9867
7.9843
7.5046
7.6092
7.7028
7.6677
7.507
7.5195
7.8434
7.6536
8.4262
9.2993
10.967
11.832
12.98
13.699
14.424
14.611
14.604
14.67
14.779
16.322
16.189
18.37
17.322
16.978
17.708
17.562
17.846
17.327
17.881
19.386
17.332
121.9
11.083
8.1189
8.6002
7.7851
10.688
6.6682
7.9792
5.6964
3.9835
7.4492
6.1375
7.12
7.2544
7.222
3.9829
2.3158
2.3819
4.1151
4.777
5.0547
4.4744
3.3205
4.4189
5.2922
5.048
2.0174
2.8342
4.333
4.2606
2.2628
2.6262
3.3298
2.4298
2.0009
2.1144
2.1783
3.2623
15.242
33.798
24.439
22.487
44.318
49.212
39.758
35.173
42.407
33.914
28.852
34.85
62.374
58.904
32.327
42.147
32.937
36.245
32.544
42.344
52.533
34.113
34.722
33.636
40.646
41.472
42.459
45.096
45.769
44.273
43.98
43.092
44.669
43.567
46.761
43.998
43.401
52.948
50.218
47.872
49.527
43.576
49.299
46.848
38.354
36.007
30.036
26.089
23.562
9.9151
5.4059
1.5796
4.9822
1.2993
1.5179
1.5261
1.6508
2.0354
2.0924
2.1374
5.9394
15.089
17.283
22.149
31.965
37.347
46.26
50.78
49.888
57.76
52.058
55.089
53.398
47.888
44.524
6.8319
1.7313
1.6976
2.4488
2.7986
2.3799
3.2469
4.191
3.5208
3.3057
3.5951
109.61
4.9992
5.4627
5.4489
5.9871
6.3582
7.0005
7.2274
7.8607
7.8256
8.409
9.0791
10.249
10.686
11.96
13.423
15.558
18.497
22.253
26.872
30.214
11.28
10.825
10.915
11.517
11.404
11.544
11.264
11.5
11.435
10.769
12.43
11.761
11.081
11.621
11.653
11.928
11.967
12.272
12.349
12.718
13.251
13.559
13.749
13.2
12.967
14.459
13.619
14.07
14.394
14.301
14.308
14.156
13.956
13.307
13.008
13.972
13.213
13.996
12.69
12.79
12.386
12.351
12.305
13.181
12.202
12.034
12.728
13.03
13.037
13.369
13.412
12.757
12.672
12.408
12.111
12.271
11.891
11.63
12.125
11.149
11.092
10.544
10.986
10.92
10.781
10.716
11.264
9.9326
10.278
9.7131
9.6321
10.275
9.8448
10.16
10.211
10.471
11.771
11.368
10.701
10.256
10.285
10.612
10.297
9.7285
10.299
9.7506
9.595
11.079
10.49
11.952
11.866
10.704
11.772
10.688
9.9574
11.086
10.559
12.038
11.373
10.876
11.595
11.674
11.509
12.338
10.93
12.747
11.817
11.506
11.179
10.627
10.031
12.019
10.5
9.9948
11.237
10.253
10.316
10.75
10.024
10.684
10.279
10.447
114.99
61.095
64.456
62.49
64.355
63.263
60.697
60.518
61.513
58.526
57.292
59.026
60.252
60.738
57.162
59.122
52.941
47.649
45.764
40.105
45.628
46.532
48.015
48.2
46.6
48.643
46.15
42.379
40.703
39.402
43.088
43.878
43.886
45.28
44.23
42.069
33.123
30.107
28.911
29.69
27.917
30.876
35.146
34.048
30.055
25.519
38.715
39.237
38.705
34.144
32.357
26.966
22.871
22.441
18.38
17.615
21.05
22.657
17.405
19.668
18.366
20.742
22.743
18.641
16.331
21.011
23.595
111.75
9.1215
8.9579
11.49
13.285
12.243
11.324
12.876
12.749
12.856
13.026
12.77
12.183
10.765
9.6684
8.7451
8.6055
7.0524
6.2831
4.3783
3.8013
3.2826
3.798
4.5866
5.1713
5.7487
6.6233
6.0442
4.8734
4.807
6.2232
6.6989
8.2328
6.9628
6.9391
7.0472
6.5966
6.8569
7.2429
8.1192
8.0988
8.2552
119.94
71.541
75.869
75.506
75.726
75.139
71.293
66.647
61.069
52.018
51.511
51.441
50.884
52.797
54.105
52.784
54.481
59.989
63.56
62.433
62.121
61.229
60.651
58.506
58.967
53.571
52.719
50.451
51.047
50.228
47.731
48.951
46.855
45.161
42.535
41.733
42.52
41.879
42.678
42.593
43.841
45.902
46.647
49.209
46.705
37.306
25.628
31.135
30.801
33.063
28.706
28.061
18.666
22.433
23.927
22.1
24.272
23.592
20.958
21.178
24.241
23.177
24.565
23.386
22.379
24.399
23.049
23.921
22.06
24.826
23.953
125.21
1.7505
3.0789
2.3094
1.8417
3.4394
2.1108
1.6575
1.189
5.7531
5.3744
6.0503
5.6704
2.2885
2.2671
1.7212
4.241
2.9141
1.1015
0.96224
1.5298
1.2611
1.7055
1.9017
2.0676
1.3811
1.2479
1.1183
0.92083
1.0833
1.6061
1.3257
1.0493
1.0021
1.0061
1.4584
1.2618
1.6089
1.1022
1.5087
1.3396
1.0911
1.0465
1.1875
1.0707
1.0021
0.99542
1.1692
0.96135
0.91662
0.9781
0.91536
0.8998
0.8681
0.92601
0.9814
0.97122
138.08
5.8006
6.2317
7.1089
6.9592
7.0163
7.5712
7.6589
7.4706
7.0943
7.7381
7.711
7.3542
7.2787
7.4826
7.2202
6.2774
6.1645
6.934
6.4706
5.7127
5.9242
5.9236
7.1568
6.9094
6.9886
6.4916
5.6084
5.6909
6.5545
7.1596
6.0599
5.7557
6.7599
7.8492
7.0003
7.6222
8.3566
7.6961
6.7036
6.1387
7.1127
6.8903
6.1977
5.94
6.8329
7.8943
7.3568
7.1988
7.1831
5.7996
5.7591
6.521
7.3542
7.1427
6.4669
7.0215
7.8675
7.2922
7.6775
8.4098
8.756
7.384
7.1899
8.0041
8.7293
7.9279
7.4721
6.9913
7.8443
7.9953
8.7477
8.2604
7.9445
6.604
7.3503
8.9313
9.2614
8.9901
9.0581
9.8385
10.021
10.194
10.908
11.595
130.91
30.706
33.824
37.117
38.248
38.533
34.687
31.289
32.764
34.426
33.181
31.805
30.848
34.274
36.254
39.079
41.467
43.685
43.306
38.356
32.566
29.374
30.186
32.753
32.356
28.846
21.844
26.428
26.942
28.424
31.211
37.362
37.128
29.944
25.778
32.697
34.693
29.673
28.602
32.925
37.452
39.939
37.977
41.514
44.669
43.271
36.16
24.671
28.541
38.706
40.633
31.197
16.075
21.835
24.632
31.58
32.609
25.529
21.812
130.3
23.255
24.518
23.359
18.903
15.127
20.532
25.258
25.268
23.16
17.113
16.338
20.958
23.979
23.385
20.438
21.662
25.355
27.933
30.073
31.57
33.363
31.264
29.994
29.588
29.62
27.58
23.982
19.84
109.02
3.0735
24.634
25.202
11.969
9.0115
4.2527
8.4522
13.916
11.03
18.794
22.31
10.177
19.379
14.536
4.8882
5.017
4.6325
3.7524
4.183
2.2978
2.2455
1.86
2.1811
1.5608
1.5342
1.4539
1.4758
1.5518
1.5936
1.6679
1.605
2.4539
2.6749
2.5968
3.0038
4.8015
2.6247
1.9513
118.1
21.865
20.718
19.356
18.839
19.334
19.726
19.629
18.707
17.691
17.353
17.213
17.481
17.605
17.286
17.055
15.986
15.342
15.153
15.194
15.233
15.114
14.653
13.688
12.967
12.432
11.789
10.951
10.741
10.883
11.097
10.873
10.294
9.3108
8.9683
8.893
9.0166
8.639
8.7595
9.0858
9.5024
9.278
9.9846
10.191
9.9726
9.8572
9.7932
9.6096
9.2436
8.7525
8.7892
8.1618
116.62
1.5345
1.8191
2.045
1.6628
4.1652
2.8884
1.7435
2.7613
4.1535
3.3966
2.2023
1.4646
1.4301
1.6444
1.8491
2.126
4.3318
4.0095
3.3536
2.5012
2.364
3.1736
7.2116
9.6953
5.3881
5.46
4.4468
5.3355
8.3311
7.8701
9.3601
11.097
9.2624
11.704
7.4687
9.7808
8.2646
17.367
34.983
42.418
43.562
43.624
33.788
26.112
25.511
15.449
11.89
11.722
15.344
14.19
11.363
11.204
12.743
11.986
10.695
11.317
18.849
28.83
29.825
30.322
35.085
39.77
36.218
31.206
26.862
13.972
11.774
14.658
14.575
16.435
12.467
13.261
12.979
13.519
13.405
13.582
18.502
13.452
12.363
13.089
12.706
12.772
14.361
13.181
12.198
12.689
13.744
17.392
23.441
95.279
42.869
27.417
22.007
18.88
18.744
18.041
18.607
21.02
25.205
28.131
28.855
30.665
28.539
25.688
22.936
20.934
23.463
25.12
26.018
25.602
22.712
19.371
16.385
14.377
14.982
14.419
13.881
14.086
13.957
14.603
13.228
13.346
13.723
13.011
10.466
13.309
13.089
14.346
13.492
11.409
9.5001
9.6139
11.365
13.198
15.702
14.802
14.346
124.29
8.5383
11.255
12.581
11.414
9.8864
9.0006
4.8558
5.7081
11.611
12.282
14.313
12.993
10.793
13.755
9.2564
12.478
12.934
14.467
16.799
15.857
8.8343
15.637
6.9023
10.55
11.769
14.272
13.171
12.865
13.483
11.804
12.032
12.404
6.0092
4.1927
12.523
12.649
11.96
6.4062
13.938
13.9
5.3672
11.75
14.686
13.417
16.104
13.087
14.839
8.3011
14.219
15.679
11.881
12.871
15.306
14.636
15.211
14.321
12.141
11.909
11.767
11.834
5.4256
9.5339
15.75
14.674
14.239
12.93
15.11
9.2207
15.577
11.516
14.817
12.31
15.542
9.8554
11.65
8.4759
14.811
11.437
12.285
15.382
14.425
16.443
17.234
16.368
18.452
19.798
18.482
27.767
34.358
45.217
56.488
69.761
79.039
80.804
83.926
94.496
106.74
127.64
127.95
116.77
112.24
106.85
93.186
77.173
75.219
12.37
1.0857
1.0803
0.31498
1.1098
0.38104
1.3487
1.8239
2.7495
3.1702
3.6717
3.9895
0.78374
8.8651
4.9659
5.5569
0.8406
5.3437
0.84516
6.1103
1.4589
6.7433
1.1012
1.2182
103.82
27.01
26.12
29.997
25.995
22.157
22.029
21.126
20.49
19.054
19.967
19.985
21.728
23.196
25.072
26.765
26.04
26.564
24.419
21.16
18.865
23.936
22.906
19.457
21.854
20.901
15.179
20.326
27.103
16.06
15.734
19.163
14.791
17.519
20.23
17.006
19.01
18.932
21.206
29.174
38.067
43.582
36.943
35.322
38.705
39.203
29.664
23.191
18.097
20.128
24.436
25.466
28.469
33.272
37.312
35.701
35.059
36.849
36.872
34.196
28.925
24.76
23.753
24.822
24.739
26.813
24.187
23.656
25.598
23.831
23.891
27.266
31.569
31.54
28.003
28.331
26.831
25.918
23.075
24.194
24.023
26.705
27.789
25.674
26.153
22.268
26.884
27.221
23.011
23.453
24.854
20.449
17.946
19.409
20.119
24.355
27.289
28.785
26.528
28.041
27.259
28.442
28.351
27.535
29.035
29.961
27.068
26.487
42.166
39.143
44.699
25.185
30.174
26.495
29.446
25.138
25.007
22.532
32.019
28
21.624
31.658
28.538
29.077
28.53
15.034
24.865
22.103
25.29
23.5
25.383
25.297
20.85
20.169
18.484
26.707
32.698
26.3
32.409
34.802
29.871
28.564
26.729
27.525
31.765
28.394
26.091
26.227
23.169
20.203
20.514
20.338
19.034
14.586
16.101
25.024
24.722
21.071
24.338
23.955
23.413
28.812
24.026
25.942
22.577
26.894
32.069
114.83
8.1885
8.3804
8.7558
8.7104
8.3153
7.9643
8.2864
8.2703
8.141
7.4932
7.0253
7.2612
7.698
7.7296
8.4755
8.9562
8.5923
7.647
7.1939
7.8484
7.9059
7.4744
7.6478
7.7825
8.0565
8.2362
8.8082
8.9635
8.7622
8.7297
8.749
8.4048
7.7739
7.6095
7.5243
7.6083
8.3526
8.4182
8.1808
7.4598
7.7518
8.0053
7.2932
7.4574
7.6187
8.0286
8.4611
8.4106
8.497
8.2043
8.3
8.7208
8.3133
163.78
17.368
13.362
16.176
19.354
14.218
13.233
15.259
11.266
10.289
16.391
20.059
14.698
16.55
16.509
11.878
10.187
15.74
21.106
16.223
20.847
24.451
16.818
15.305
15.065
15.198
14.496
21.017
22.409
15.954
16.988
19.865
14.085
12.636
19.12
20.683
15.646
20.196
19.722
10.864
9.1665
17.704
19.921
18.033
27.656
25.237
14.611
15.03
13.195
11.634
14.492
30.927
26.755
19.914
26.436
27.298
17.705
17.985
23.409
21.597
20.684
27.033
23.982
14.707
16.358
23.556
17.667
20.074
29.104
26.106
20.185
23.136
17.388
13.406
20.307
32.751
26.849
24.23
31.314
22.906
13.47
11.422
25.375
24.096
26.096
35.704
29.117
23.502
29.064
23.597
18.113
22.81
28.571
22.068
21.406
27.389
24.575
19.539
23.998
29.158
23.179
25.161
32.322
22.776
16.062
14.336
22.207
18.767
28.001
33.899
23.848
24.153
23.15
18.865
20.694
32.943
46.658
33.491
38.803
53.299
36.642
30.251
34.879
30.98
24.518
30.636
35.159
30.022
27.188
33.685
29.492
16.147
99.128
28.973
26.847
22.332
23.504
28.236
25.921
19.899
14.514
14.867
26.044
33.872
39.369
37.323
35.09
29.239
30.784
31.649
27.152
31.469
41.184
35.694
29.376
26.44
21.336
21.101
28.221
31.103
30.382
28.551
25.249
25.107
30.299
29.187
32.433
22.648
18.796
36.632
50.291
7.9704
23.512
26.034
33.231
26.815
26.2
23.829
31.81
23.635
30.212
26.553
22.649
21.511
18.84
25.988
24.164
27.847
29.386
27.928
28.397
26.829
24.255
27.385
30.664
28.977
25.893
32.343
122.6
20.941
21.698
18.856
14.158
16.849
20.184
22.841
22.417
20.535
19.408
21.449
25.039
26.495
25.498
23.194
20.846
21.759
24.799
27.052
27.657
26.623
23.347
27.078
32.865
34.658
32.483
31.331
29.846
31.395
34.125
33.319
32.267
26.266
27.624
31.987
35.556
36.074
43.335
41.13
125.14
21.3
20.3
19.81
17.242
16.456
14.513
14.822
14.836
16.969
18.116
18.254
18.407
17.705
16.64
17.353
18.939
20.248
20.188
19.889
20.506
20.324
19.144
18.594
19.516
20.197
20.546
20.519
20.26
20.373
19.978
19.749
19.524
19.389
19.286
19.092
18.927
18.372
17.222
16.066
15.278
14.253
13.17
11.554
12.087
11.313
9.7102
10.314
11.282
11.494
12.348
13.102
14.003
14.954
16.089
16.09
16.352
16.516
16.495
15.778
14.998
14.23
14.771
15.481
15.985
16.26
16.209
15.786
16.283
17.53
18.155
118.25
5.2082
5.6985
6.6368
8.2816
10.569
12.208
13.321
14.591
14.811
14.203
13.471
12.885
11.025
10.473
9.1451
7.9429
6.9559
7.2704
6.0319
6.0069
6.8529
6.7825
6.4616
7.627
7.9127
9.5589
10.694
10.652
9.7609
10.055
10.776
10.885
11.796
11.938
11.921
11.604
12.171
12.048
12.526
12.943
13.29
12.854
13.218
12.9
12.081
11.251
10.635
9.2548
7.9242
6.4079
4.8376
3.1222
2.5691
3.3372
4.7797
6.445
8.4607
10.048
11.389
12.183
13.095
13.158
13.311
13.547
13.499
13.167
12.432
12.426
11.821
10.892
10.406
10.095
9.9262
10.256
10.159
10.044
9.9225
9.6162
9.0717
8.5032
8.7995
8.2117
7.8718
7.5222
6.6724
5.6275
4.3944
4.443
4.5894
3.5254
3.1813
2.9553
2.9708
2.9128
2.187
2.1632
2.1481
2.3081
2.432
2.5692
2.8223
2.8013
2.6745
3.1
3.4158
3.0651
2.699
2.9367
2.7833
2.1644
1.8556
1.9152
1.8016
1.3465
1.2103
1.3639
2.237
2.0357
2.0547
2.0318
3.1988
1.9388
1.9906
2.0392
2.5258
2.3026
1.929
2.1911
2.3583
3.1672
1.7025
1.9262
1.9868
2.5278
2.8513
3.325
111.72
8.8423
9.6073
9.579
10.516
10.042
10.137
11.799
11.968
13.377
14.215
13.836
13.944
14.555
14.908
15.388
15.841
16.577
16.139
16.499
16.77
15.329
14.738
13.687
13.461
13.026
12.134
13.077
12.138
12.314
12.964
13.19
12.793
13.05
12.532
13.497
11.993
12.561
12.354
11.532
11.789
11.627
11.808
11.551
12.04
12.477
13.036
13.897
14.466
14.917
14.813
15.493
15.958
16.286
16.232
16.157
16.273
16.723
16.439
16.788
17.217
17.378
16.713
15.318
14.352
13.718
13.958
14.249
13.763
13.292
12.849
12.496
12.778
14.863
16.114
17.165
18.115
19.79
21.902
20.872
20.191
19.192
18.307
16.977
15.652
15.509
14.771
14.556
14.026
14.304
13.584
11.979
14.363
18.463
17.745
17.406
18.116
17.752
16.537
14.424
13.986
16.073
18.365
20.819
22.906
23.874
24.624
25.625
23.98
21.5
20.722
20.078
19.882
136.31
34.334
33.649
31.367
30.369
30.966
31.501
32.029
33.824
34.1
34.949
38.923
36.275
34.719
34.198
34.017
33.942
33.094
31.638
32.058
34.949
33.448
30.976
33.09
34.535
37.871
41.325
42.784
41.76
39.965
41.22
39.129
36.662
35.761
35.587
35.611
35.372
34.783
34.653
37.088
41.338
40.766
40.336
37.782
35.079
36.135
33.639
34.861
37.735
38.302
36.215
34.103
33.663
36.139
38.278
36.378
128.57
3.879
6.9089
2.9132
3.0335
11.172
3.2754
3.2072
14.402
3.0747
3.3799
17.684
3.0132
3.02
23.017
3.1855
3.0325
25.729
3.0471
3.0419
23.321
2.9462
3.0136
25.516
2.8561
2.8845
23.45
2.7179
2.7274
16.916
2.7901
2.6263
31.878
2.5806
2.4098
30.19
2.2336
2.1071
22.735
1.8862
1.964
20.428
1.8523
1.7763
29.141
1.7488
1.699
33.575
1.6773
1.6521
25.434
1.6902
1.6302
19.948
1.6921
1.5953
9.2763
1.5579
1.6558
5.3804
1.6429
1.6829
5.9312
1.7409
1.7112
7.3897
1.8432
1.651
7.1766
1.4141
1.3552
9.6976
1.4133
1.2692
8.2393
1.2627
1.0772
9.2839
0.85871
0.88416
13.44
0.94489
0.91248
14.44
0.89177
0.90206
11.004
0.92757
114.29
42.116
49.368
60.177
39.762
31.977
37.868
35.364
40.748
41.11
40.715
45.39
51.606
53.279
46.324
45.134
44.822
43.533
46.598
51.224
57.433
62.434
58.396
60.262
59.01
45.075
53.083
54.904
64.298
45.268
61.259
43.266
53.026
57.788
64.414
50.831
39.238
53.017
47.31
37.555
42.25
45.845
54.466
56.763
52.591
48.762
46.578
45.931
42.464
49.401
40.089
34.206
39.778
53.83
47.879
39.911
46.051
51.91
54.527
49.769
61.525
50.76
48.197
52.137
43.382
50.797
52.73
54.04
54.725
48.556
33.923
50.996
51.658
58.771
62.284
61.464
52.552
43.683
52.509
40.935
52.242
54.609
56.43
56.704
55.277
49.344
45.771
53.653
53.096
47.145
49.068
43.072
44.831
49.812
44.641
59.432
47.917
45.748
50.023
55.698
42.321
46.217
51.304
41.823
54.028
53.278
43.505
52.047
47.605
50.666
52.48
40.691
43.457
45.014
49.994
49.925
38.4
36.491
54.65
58.064
60.975
57.356
53.993
51.668
54.215
51.342
48.614
42.804
35.974
47.858
44.527
39.58
41.503
55.423
47.969
48.417
46.906
50.003
54.013
63.924
61.954
46.829
50.707
44.395
47.163
48.369
48.41
47.878
48.79
59.136
58.23
47.804
46.44
49.265
40.002
58.793
49.539
47.774
136.69
17.547
19.78
3.4599
23.315
22.865
3.1196
24.778
21.638
2.0971
21.699
17.67
2.2148
16.479
16.613
2.2924
11.515
8.5923
2.3819
13.048
8.6403
2.3711
8.6768
8.3418
2.3945
9.4913
11.105
2.2291
12.637
10.83
2.305
9.7508
6.7443
2.2931
8.8593
9.9034
2.1276
11.825
10.301
2.4542
9.0169
7.4022
2.7372
6.0179
5.3652
2.778
9.1363
6.5056
2.4438
7.6819
6.5373
2.5291
3.7655
4.2926
2.4718
6.0876
10.226
2.1239
15.61
14.567
1.8754
13.929
12.852
1.951
11.603
13.915
1.9644
15.149
15.185
79.616
0
0
0
0
0
0
0
0
0
0
0
0
0
0
0
0
0
0
0
0
0
0
0
0
0
0
0
0
0
0
0
147.08
24.277
25.219
39.286
43.342
43.217
47.163
44.119
39.061
36.07
34.339
28.269
35.81
39.242
39.722
41.722
42.769
39.353
37.192
37.33
42.197
39.502
37.206
36.863
37.849
28.607
25.592
25.262
26.648
24.97
25.978
24.661
31.945
30.873
31.919
34.86
34.425
36.211
35.475
26.385
40.873
41.709
29.337
25.687
26.365
34.201
29.447
41.18
39.045
37.798
36.121
41.741
36.922
25.455
36.204
22.828
20.859
31.729
34.477
37.17
41.802
44.372
44.682
43.968
39.041
40.784
39.409
33.115
29.538
22.777
27.7
27.135
30.059
28.966
29.128
27.275
23.443
30.069
23.613
20.767
29.594
22.263
24.699
29.687
33.986
33.506
35.176
27.643
27.151
24.171
28.945
26.742
31.634
33.468
31.801
31.996
30.273
29.753
27.113
27.21
24.651
25.652
25.933
27.449
27.557
33.214
32.3
37.985
27.709
34.412
35.417
33.669
35.794
32.961
32.059
23.38
25.336
21.665
27.489
26.237
26.163
24.572
25.405
29.452
22.565
26.874
21.259
22.9
27.71
29
31.173
29.996
28.153
30.719
27.517
27.893
30.245
30.707
35.541
37.508
34.188
36.09
38.53
36.457
32.739
35.717
34.007
28.097
29.5
26.646
31.596
36.583
36.945
32.24
37.256
30.304
34.28
27.849
25.029
26.153
27.615
31.479
36.237
32.071
29.323
27.159
31.073
33.651
30.538
27.651
26.32
29.28
31.927
32.486
40.024
43.807
41.563
35.477
35.855
36.413
35.483
34.755
35.591
35.685
36.638
25.344
26.472
38.087
27.534
27.838
34.224
27.925
24.376
28.915
22.988
22.761
28.328
29.004
31.429
31.844
25.353
18.79
25.614
35.388
36.073
31.725
32.3
33.895
30.051
27.405
23.444
27.563
27.394
32.308
32.905
30.11
30.511
29.419
26.336
27.218
29.643
26.311
32.281
27.763
20.171
23.435
27.058
29.713
25.554
20.911
18.204
22.455
23.814
25.377
26.64
24.476
22.037
24.895
21.36
22.751
26.741
27.09
31.659
36.837
37.33
38.476
36.531
35.985
29.747
121.34
35.919
20.684
27.353
22.768
28.09
26.62
29.145
43.881
42.408
37.821
38.337
30.574
24.177
32.641
26.064
24.066
39.208
25.732
39.838
44.198
36.547
37.677
43.345
34.024
39.692
28.01
32.183
26.879
30.238
39.387
22.69
38.222
43.563
41.197
28.78
31.654
29.699
33.37
40.111
28.939
49.308
42.337
34.095
26.397
40.951
28.494
39.808
36.781
19.043
24.912
22.463
25.567
28.366
31.304
25.425
25.671
20.029
23.807
30.189
19.256
23.261
19.337
34.035
31.121
23.583
24.448
26.352
31.131
38.001
32.991
30.058
34.718
26.731
24.931
22.223
16.82
20.174
19.603
26.537
19.573
21.244
27.682
25.386
34.314
34.254
35.221
24.726
27.141
24.917
23.154
21.593
21.277
34.732
36.202
38.411
40.47
32.3
32.65
23.227
38.45
22.21
23.798
34.706
38.83
42.035
36.382
32.587
29.895
39.99
40.977
22.9
27.087
27.303
18.849
20.784
26.222
33.241
30.379
35.923
35.832
32.413
44.256
30.248
22.88
35.687
37.308
24.798
31.711
41.905
27.261
20.452
26.834
38.74
23.877
38.926
37.97
40.826
39.705
29.598
36.954
31.125
23.198
31.05
26.21
38.602
105.98
5.4304
5.9719
4.0787
5.3778
4.9454
5.3516
6.2471
4.382
7.063
5.2896
6.3325
5.4418
7.0116
4.8326
4.786
6.9672
9.4693
12.811
7.4921
6.7034
6.5172
6.191
6.0204
4.9803
6.3525
5.2388
4.5401
4.488
4.5471
6.0205
7.247
7.6739
7.5744
6.8483
6.0878
6.005
5.0774
7.1226
4.8231
4.4994
5.2742
5.3371
5.8101
8.6269
7.903
7.4681
7.964
8.1799
7.5606
6.5601
6.519
7.298
9.2373
13.835
12.959
7.5435
11.764
11.066
8.7037
9.1661
8.9728
8.852
8.5609
11.443
9.5861
10.043
10.873
9.684
11.255
10.112
11.599
13.169
15.445
14.064
15.388
16.527
15.649
16.287
14.791
14.015
16.39
14.498
15.001
13.954
14.611
15.429
13.702
14.074
16.439
17.791
17.816
17.826
17.712
19.044
16.891
16.939
16.365
12.78
12.696
13.76
13.314
14.514
17.851
16.469
16.773
14.064
12.472
13.284
12.962
15.353
20.499
28.985
29.796
30.589
30.693
29.335
30.644
27.024
25.218
24.589
24.933
26.019
26.016
28.679
29.866
30.39
31.824
32.15
30.479
29.435
28.644
28.487
28.583
28.807
29.216
26.841
24.413
23.628
25.203
25.642
26.692
26.418
27.766
28.095
27.036
26.267
25.078
25.316
25.797
26.971
29.883
30.467
26.527
24.052
25.124
26.095
26.149
24.185
22.748
25.371
23.86
23.684
24.272
24.427
26.096
28.018
29.003
29.803
29.557
28.615
27.359
27.467
27.25
27.065
27.086
27.963
28.187
28.153
27.086
25.281
20.486
19.537
18.976
16.281
16.453
19.534
18.068
20.261
22.149
21.342
22.641
19.832
17.724
17.157
14.755
14.02
13.997
9.8208
12.365
7.7303
10.565
11.504
9.6378
9.1499
9.4678
9.1182
8.2163
9.9917
11.555
12.26
12.843
11.312
10.955
10.974
9.6221
8.93
16.627
12.072
12.918
10.74
10.598
9.3065
11.186
10.127
9.1641
8.4563
8.8967
10.268
11.928
15.687
21.526
26.787
27.609
45.784
18.461
19.284
22.68
24.557
29.229
27.279
26.766
23.808
28.873
26.704
32.897
29.678
38.139
36.167
43.238
38.206
45.056
39.052
42.877
37.151
41.566
34.56
34.669
28.265
23.494
20.888
22.837
24.292
27.408
28.903
25.011
25.634
20.555
21.716
16.904
18.538
23.663
24.842
23.795
23.684
22.27
21.919
18.19
17.833
11.75
11.554
12.854
13.058
16.097
16.039
12.995
12.934
10.289
10.306
8.8403
9.392
10.159
10.274
9.1682
9.1206
7.3174
7.1409
6.0041
5.7653
7.7076
8.1746
10.17
10.321
9.7718
9.8265
8.1702
7.6923
5.3346
5.1917
5.1807
5.1778
6.9113
6.896
8.6317
9.028
12.174
11.934
10.926
10.839
4.708
4.7466
9.2155
9.5298
8.044
8.1285
6.2911
6.1093
3.7239
3.9525
7.6279
7.5252
3.1008
131.99
12.041
13.115
11.628
14.191
13.867
17.105
17.327
17.518
18.035
17.602
17.182
19.575
20.021
19.251
17.681
17.137
16.809
19.085
20.37
22.372
20.529
21.167
22.248
22.539
19.738
21.036
21.97
20.651
19.934
20.871
19.576
21.174
21.678
19.614
22.167
21.156
21.82
23.14
23.016
23.111
26.038
23.191
16.154
16.051
20.174
24.256
23.884
16.838
17.25
18.111
16.435
18.184
22.44
23.664
16.876
13.27
19.066
17.501
17.823
15.619
14.307
17.737
17.973
15.837
16.665
20.659
19.222
17.065
14.922
19.323
23.378
20.738
15.703
18.086
24.267
23.473
20.118
20.339
27.602
30.707
28.854
29.803
26.514
22.159
32.109
35.95
37.406
37.073
29.093
33.421
39.558
36.927
35.296
35.543
42.136
41.631
37.399
36.947
42.466
37.463
21.883
35.602
40.088
41.923
36.693
46.83
54.898
52.706
44.625
44.15
28.791
36.215
29.566
30.252
42.722
35.809
25.453
21.182
20.347
24.781
28.88
29.741
29.829
32.989
33.326
29.815
26.231
26.113
26.003
25.044
20.316
19.239
18.288
17.525
17.589
16.946
16.644
16.237
14.301
13.696
14.42
14.656
13.96
13.318
13.48
12.781
12.619
12.116
11.046
11.154
11.774
12.013
12.032
12.856
12.849
13.359
14.626
15.401
14.811
15.433
18.938
20.31
19.235
17.46
14.398
11.956
7.4823
8.1064
12.273
14.96
17.074
18.558
19.877
20.713
21.013
21.418
20.793
20.139
22.396
22.812
20.029
19.4
19.511
17.662
12.941
11.9
16.599
19.949
22.729
25.569
27.007
27.046
27.091
24.943
27.746
27.486
27.321
27.158
27.618
25.361
19.494
13.185
17.454
21.152
21.904
22.063
21.158
18.346
14.614
16.613
21.52
21.389
23.971
27.639
27.212
20.615
13.927
21.454
26.145
28.886
31.462
30.389
28.33
26.76
31.829
29.298
30.881
33.779
33.101
27.681
17.622
13.455
22.041
28.458
33.242
33.677
28.758
15.554
20.577
27.481
27.521
32.222
35.31
32.988
25.614
27.157
34.415
40.607
44.287
47.713
48.831
45.544
42.32
39.686
36.756
37.072
34.731
31.629
23.836
22.678
27.799
28.045
28.438
27.69
24.668
21.88
17.906
16.748
19.193
25.283
22.614
11.293
10.559
10.236
6.8132
5.4071
5.4954
5.3757
7.3282
8.2967
13.045
27.748
138.77
15.428
14.868
13.993
14.668
14.806
14.427
13.868
13.328
13.063
12.792
12.473
11.847
11.584
10.991
11.213
10.941
11.367
11.477
11.945
12.235
11.839
10.728
10.542
10.443
10.282
10.147
10.37
10.492
10.205
9.6964
9.2328
8.7934
8.1867
7.7111
7.8727
7.8208
7.5834
7.6094
7.733
7.8996
8.148
10.058
8.566
9.1836
7.5781
7.1954
7.2292
7.2541
7.3282
7.3353
7.3139
7.2854
7.2801
7.1145
102.43
8.1344
7.124
6.5899
7.2172
8.2731
8.5809
8.7923
8.5718
8.8299
9.7874
9.4308
9.4168
9.5403
9.7644
9.2678
7.6051
7.6476
8.1889
8.4923
8.7808
10.267
8.3737
9.3217
7.4478
8.4492
8.9915
9.7666
10.294
10.032
9.6822
8.9059
9.5466
10.828
12.456
13.691
14.642
15.419
15.698
15.59
14.861
13.89
14.637
15.092
14.257
14.178
14.369
14.425
14.024
13.767
13.212
11.776
10.069
12.633
14.507
16.092
17.09
17.23
16.4
16.583
18.152
20.294
22.886
25.564
27.313
27.592
30.912
30.877
31.772
33.038
32.686
30.056
26.676
24.439
19.352
17.663
17.693
11.742
8.6851
3.611
2.4907
106.79
34.769
23.169
37.156
37.577
34.332
39.222
42.758
43.219
40.374
35.316
35.585
40.603
41.101
40.03
39.528
38.877
38.839
29.01
23.346
19.75
31.964
33.887
24.569
39.466
33.411
42.564
28.498
36.962
30.419
38.715
40.665
41.752
41.242
40.3
43.579
43.104
40.884
38.313
32.735
32.011
34.928
38.291
35.006
31.069
30.188
23.481
31.129
34.971
36.002
31.152
30.978
27.81
25.891
29.457
33.601
36.773
25.974
25.367
32.679
34.317
30.8
31.896
40.418
40.411
35.18
24.427
24.184
27.948
28.426
31.013
27.601
36.354
35.682
26.27
32.594
29.387
37.376
37.893
27.361
36.284
35.858
22.01
36.328
36.596
31.48
34.826
37.513
32.155
29.005
35.024
36.126
29.355
41.168
47.121
29.07
40.184
32.637
32.382
24.069
33.071
29.429
30.532
33.907
30.059
34.192
35.727
22.937
20.413
38.946
40.459
30.634
35.672
40.119
40.605
36.02
32.766
31.979
20.223
32.612
42.366
42.06
39.253
36.131
116.81
4.8174
6.9092
8.5257
8.7256
7.9568
6.5368
4.2236
5.5484
4.6201
5.4833
7.4475
7.7835
6.3227
4.1967
2.5607
3.8015
5.7878
7.7241
8.5048
8.2212
8.8137
9.9518
11.01
11.03
9.3751
9.6552
10.545
10.176
8.4699
6.7681
5.9855
5.9934
6.0725
6.4206
6.7515
6.2813
4.4945
3.5485
7.1468
6.761
6.7392
7.8807
8.5161
7.5414
4.9452
4.1873
6.9836
9.0207
10.976
11.698
11.731
11.534
11.954
12.931
13.746
12.929
11.259
11.587
12.062
10.904
7.8546
4.6316
5.1268
6.8701
8.9571
10.461
10.729
9.4059
8.3695
6.9031
9.898
9.309
7.6399
8.9238
10.764
10.696
8.5971
5.6754
5.8431
7.4758
10.004
11.852
12.368
12.77
14.643
17.373
17.878
17.243
16.011
15.173
14.908
14.024
11.267
6.7164
5.2159
8.0463
11.095
13.352
14.423
15.272
16.109
15.401
15.911
18.078
17.255
15.371
14.162
13.15
12.042
10.806
9.1429
7.6258
6.3339
6.6084
8.9403
11.783
13.713
15.164
16.226
16.993
18.352
19.899
22.322
23.509
23.031
21.182
19.264
17.455
16.132
14.482
12.187
9.4666
7.2511
5.5034
6.8446
9.7284
12.592
14.469
15.918
16.922
18.152
19.1
19.822
20.372
20.962
21.065
21.434
21.492
21.087
19.771
18.065
16.664
15.226
14.297
12.868
11.58
10.009
7.8992
6.0778
7.1419
9.7998
12.268
14.227
16.334
18.445
19.98
21.443
22.812
24.046
24.802
25.245
25.198
23.804
22.325
21.677
19.803
18.057
16.542
15.283
14.206
12.901
9.5336
8.1567
5.7646
9.3144
11.897
13.928
14.889
15.47
16.706
17.643
18.538
18.715
18.71
18.52
18.485
18.33
18.491
18.122
17.484
16.829
16.091
15.361
14.566
13.874
13.019
12.357
11.469
10.486
9.8847
8.8878
8.1749
7.3091
6.1302
5.9442
4.9285
5.1372
4.6689
3.3214
4.2343
4.3914
4.571
5.5365
4.9694
5.3533
5.4619
5.418
5.8801
5.7836
6.1453
133.44
1.6342
2.1704
3.8028
2.6178
4.1097
4.9617
5.4815
4.8525
4.7154
5.0477
5.6715
9.4613
9.4919
9.4327
7.9018
7.7355
8.3604
9.3679
9.7974
9.9128
10.1
10.257
10.161
8.9153
7.5601
6.4891
5.6842
5.1403
5.1003
4.9902
4.5512
4.3411
4.0505
3.9509
3.8875
4.2812
4.4733
4.4256
2.9985
0.95593
3.0825
3.6276
3.2181
2.695
2.0572
4.04
6.3455
8.4117
8.4477
6.6152
5.2731
4.8935
4.7848
3.0621
2.0165
2.0892
2.2499
2.5889
1.4006
1.099
1.5784
1.4474
1.7057
1.5136
1.4444
1.1618
1.369
1.5512
1.5957
1.2163
1.0672
1.5234
1.3394
1.4193
0.98875
0.97694
1.097
1.2771
1.6589
3.754
6.9846
12.006
12.759
14.109
10.31
5.4073
4.7273
5.1727
4.3397
5.1254
6.793
7.3231
9.3149
10.418
10.528
11.191
9.4855
8.5232
9.4877
7.1067
4.7239
1.9344
3.1755
4.0805
3.0152
2.2517
2.4287
2.5565
7.1418
4.1655
9.7946
5.6409
4.4318
2.6591
2.5738
1.8484
3.297
3.2904
2.6195
2.9032
1.9429
2.072
2.3833
1.876
1.8802
2.1901
2.1343
1.9854
2.2166
1.5548
1.7481
1.7924
2.1427
1.1882
1.988
1.801
2.305
3.9477
3.781
3.7996
4.4162
4.1902
1.0586
1.5847
8.3068
11.451
16.439
18.255
19.783
21.953
22.365
23.376
23.064
23.524
24.219
28.335
30.1
31.547
31.667
33.274
33.763
33.945
33.603
32.033
31.846
28.098
26.601
21.129
15.871
17.272
20.985
25.221
24.568
16.434
15.599
25.456
26.184
24.825
25.7
24.575
23.025
21.906
16.653
18.628
20.899
21.01
26.121
24.556
22.129
21.212
21.616
22.26
21.816
20.85
21.466
21.565
21.607
21.652
21.63
21.056
21.097
21.42
20.938
21.129
22.069
21.557
22.346
22.645
22.375
25.063
24.969
24.007
24.622
25.055
25.393
26.49
24.66
25.619
26.189
27.274
27.233
27.29
27.678
28.052
28.552
27.886
28.265
28.7
28.886
28.986
29.498
30.111
29.175
29.564
28.582
29.482
29.421
28.978
27.694
26.96
28.05
30.238
30.573
28.23
27.556
27.658
28.873
29.745
28.156
27.872
28.499
26.966
27.034
28.041
28.875
27.247
25.094
24.578
27.133
28.108
26.313
25.536
24.949
25.97
25.487
26.862
25.997
23.945
23.812
25.268
25.328
23.9
22.122
22.458
22.667
23.59
23.523
23.583
23.624
22.204
22.587
23.031
23.777
22.467
21.452
20.86
21.505
22.495
23.107
21.967
21.616
21.333
20.816
20.745
20.997
20.76
20.51
18.173
17.107
17.087
18.396
19.572
17.972
16.344
15.449
16.196
18.812
17.868
14.252
13.174
13.208
16.364
17.617
18.183
16.036
11.11
12.499
15.307
17.422
15.871
13.411
13.65
14.731
16.956
15.603
14.95
15.071
15.371
15.571
15.598
14.663
14.999
14
15.86
13.892
14.862
14.474
13.64
12.915
11.579
12.058
12.574
12.43
12.388
11.953
11.63
10.847
9.4111
8.7895
7.7659
6.0587
5.108
5.0349
4.4296
4.5034
4.6571
4.9236
5.9867
7.1848
5.4094
5.6614
5.5901
4.996
4.5965
3.8083
3.7471
3.8699
4.0925
4.4633
3.2522
3.7818
3.0276
3.0482
4.5643
2.6203
3.3912
3.2091
2.7491
3.2151
3.6265
2.5088
5.3725
2.7086
5.5293
2.118
2.0846
4.0247
4.6172
7.646
10.708
11.552
13.651
14.436
13.11
11.066
9.9281
6.9817
7.867
8.7738
9.8328
12.417
15.223
17.579
16.873
19.47
20.974
24.281
27.115
29.987
31.748
32.68
34.093
37.482
39.373
41.532
42.495
43.605
44.514
44.904
42.65
41.106
41.697
39.994
39.828
38.879
38.499
38.078
37.61
39.193
38.857
40.327
41.468
42.402
43.733
45.4
44.485
47.709
48.226
47.998
48.013
48.23
48.403
49.059
48.868
49.743
50.605
51.288
49.792
47.925
47.9
48.574
48.629
52.54
55.402
56.108
56.816
58.032
57.832
56.884
57.761
58.95
60.173
61.252
61.798
61.95
62.881
63.431
62.697
62.607
63.017
62.536
61.714
60.415
60.682
58.996
58.35
59.622
58.288
56.526
58.198
58.245
56.908
55.838
56.195
55.95
52.968
53.05
53.615
53.111
51.611
50.836
50.194
49.338
48.938
49.673
48.719
48.626
50.682
51.007
51.364
52.764
55.439
55.897
56.377
55.994
58.948
62.334
63.724
62.294
65.242
59.427
61.223
60.907
60.982
60.875
60.821
61.102
62.064
63.265
63.754
64.62
64.24
59.676
56.547
65.847
59.769
58.968
57.25
58.394
56.623
0.93683
53.56
52.95
0.76962
50.071
49.503
0.91295
48.651
49.515
1.0143
50.352
49.685
0.51631
45.922
43.544
0.50146
42.008
40.669
0.5518
39.864
39.078
0.53913
40.966
42.174
0.64802
43.678
45.149
0.62076
44.997
44.075
0.61134
44.673
43.626
0.51585
42.716
42.268
0.65544
41.937
41.018
0.44998
40.301
40.184
0.62592
40.37
40.54
0.457
40.228
38.973
0.47939
38.062
37.38
0.49898
35.972
35.297
0.52575
34.375
33.977
0.4336
32.942
29.569
0.56421
30.392
29.609
0.96689
28.549
26.788
1.2721
25.016
23.184
0.97026
21.524
18.931
0.47041
15.477
18.613
0.94103
17.57
15.811
0.57755
15.222
12.671
1.259
6.8831
7.0223
0.98497
7.039
7.0222
0.78748
6.9962
6.9876
0.78776
6.8729
6.9664
1.6511
6.8629
6.7319
1.6833
6.729
6.5391
0.94474
6.5365
6.4246
1.2682
6.3223
6.2599
1.5022
6.1177
6.0088
0.70762
6.0464
5.9463
1.4049
5.8037
5.7771
1.1737
5.669
5.665
0.71827
5.6264
5.2002
0.88388
5.6135
5.5829
1.3848
5.0751
5.5454
1.0211
5.6778
5.7391
0.99686
5.8597
6.1338
0.56728
6.013
6.0521
0.81545
6.0833
5.9809
0.5904
5.9583
5.9778
0.66034
5.7155
4.9946
0.88333
5.281
5.03
0.49846
5.5927
5.6592
0.65017
5.5931
5.697
0.61124
5.606
5.7705
0.9177
5.6125
5.7386
0.96702
5.7571
5.7151
0.56718
5.7404
5.8131
0.84265
5.7827
5.7319
0.54712
5.8073
5.8417
0.60569
5.8123
5.9024
1.2727
5.8533
6.0105
0.69655
5.9023
5.9375
0.80351
5.9237
6.0722
0.69318
100.79
0
0
0
0
0
0
0
0
0
0
0
0
0
0
0
0
0
0
0
0
0
0
0
0
0
0
0
0
0
0
0
0
0
0
0.024258
0
0
0
0
0
0
0
0
0
0
0
0
0
0
0
0
0
0
0
0
0
0
0
0
0.0035068
0.0024056
0.017841
0.0086736
0
0
0
0
0
0
0
0
0
0
0
0
0
0
0
0
0
0
0
0
0
0
0
0
0
0
0
0
0
0
0
0
0
0
0
0
0.0038509
0.0096225
1.7557
1.8722
1.7119
2.0941
1.4242
1.9582
1.8413
1.9081
1.5943
2.556
1.9084
2.2773
1.9046
2.4824
2.0855
2.4405
2.1205
2.7851
2.4076
2.6173
2.3923
3.1364
2.7053
2.9545
2.886
3.2457
2.8872
3.6522
3.0858
3.4392
3.1747
3.9181
3.5286
3.8743
3.601
4.1533
3.8723
4.4641
4.1468
4.727
4.5302
4.7858
4.5421
5.5098
4.961
5.3106
5.0846
5.5542
5.324
5.6569
5.3922
5.9741
5.6817
5.9094
5.7844
6.4743
6.2461
6.3412
6.3084
6.173
5.8848
6.1724
6.008
6.1365
5.9431
6.0868
5.9202
6.2022
5.9288
6.0904
5.8818
5.9398
6.438
5.9323
5.8916
6.0734
5.8415
6.059
6.0757
5.8953
6.0571
5.8812
5.8773
5.8689
5.7569
5.95
5.8948
5.9083
5.8382
6.0297
5.8422
6.1043
6.0089
6.094
6.1473
6.4097
6.28
6.4218
6.2324
6.5431
6.375
6.57
6.6155
6.738
6.7046
6.6361
6.5297
6.6226
6.3106
6.3548
6.3303
6.2049
6.1346
6.112
5.993
6.071
5.8038
5.8847
5.8473
5.8448
5.7961
5.8058
5.7388
5.933
5.8582
5.851
5.7653
5.9103
5.9225
5.9521
5.9038
5.9526
5.833
5.9899
5.9861
5.9176
5.8499
5.9753
6.0596
6.0249
6.1818
6.1673
6.0338
6.5321
6.6976
6.7075
6.9703
6.8979
6.832
6.6769
6.9786
6.3511
6.6952
6.2342
6.6652
5.9393
6.0516
6.0873
6.0593
5.6478
5.7247
5.5774
5.706
5.0433
5.4125
4.979
5.3868
4.4876
4.9789
4.3398
4.7969
4.095
4.318
4.0866
4.2969
3.7656
3.9569
3.6828
4.1587
3.4405
3.9817
3.2406
3.6364
3.0694
3.5702
3.4613
3.2057
3.6289
3.1327
3.547
0.033333
0.033333
0
0
0
0
0
0
0
0
0
0
0
0
0
0
0
0
0
0
0
0
0
0
0
0
0
0
0
0
0
0
0
0
0
0
0
0
0
0
0
0
0
0
0
0
0
0
0
0
0
0
0
0
0
0
0
0
0
0
0.010486
0
0
0
0
0
0
0
0
0
0
0
0
0
0
0
0
0
0
0
0
0
0
0
0
0
0
0
0
0
0
0
0
1.766
2.473
1.2326
2.2666
1.4734
2.2781
1.9471
1.3956
2.1223
1.2703
1.9672
1.6739
2.563
1.5558
2.4356
1.3005
2.3102
1.7824
1.792
1.1467
2.3726
1.8681
1.9194
1.6794
2.1318
1.2812
2.0292
2.2501
1.4448
2.0918
1.6899
2.1626
2.0113
2.4455
1.4846
1.8498
1.2034
2.3687
1.9368
1.9344
1.5126
2.084
2.1776
1.474
2.0603
2.1194
1.4564
2.1615
1.8462
2.0028
1.7934
2.2194
2.9838
1.834
2.0459
2.0819
1.7179
2.1126
1.5452
1.9973
1.4428
2.034
2.2251
1.3243
1.9827
11.966
40.715
42.282
27.824
29.034
30.731
38.232
46.499
61.931
63.718
51.647
40.274
36.911
38.69
42.704
38.336
36.073
15.353
1.8805
2.5774
1.6893
2.1169
1.5399
2.1196
1.9996
2.8345
3.1922
2.6549
1.549
2.6881
2.0132
2.0773
2.3701
2.1547
1.2893
2.8867
1.4534
2.3284
1.5247
2.6809
1.9785
2.5246
1.9946
2.1365
1.5159
4.9019
0.77536
0.96179
0.99839
1.1932
0.92484
0.94276
1.2113
1.7722
3.4717
0.95743
0.83614
1.1374
1.0905
1.0634
0.93564
0.95151
1.5276
1.3046
3.5774
1.3474
1.0225
0.90461
1.0177
0.96647
0.81371
1.0683
1.1047
3.8462
0.88033
0.93303
0.99143
1.0753
1.0042
1.0347
0.88459
0.80291
1.3817
3.7643
1.2913
1.2901
1.0204
1.171
1.2171
1.4624
1.4469
1.107
4.1948
1.1149
0.88281
1.0294
0.95598
1.2799
0.88266
0.97428
1.0032
1.118
1.0706
3.6579
0.96191
1.1089
1.0463
1.1098
1.2747
1.1606
1.1006
1.3872
3.4257
0.82634
0.81535
1.0783
0.98613
1.0761
1.0922
1.3353
1.1817
1.0622
3.9537
1.07
1.0673
1.4111
1.1553
1.088
1.0384
1.0844
1.041
3.7816
0.93068
1.1682
0.90987
1.3368
1.0335
0.96707
1.0753
1.0068
1.162
3.6118
0.96845
1.0543
1.341
1.1441
1.4565
1.3304
1.3547
1.1881
3.5208
1.1517
1.7039
1.1337
1.4988
1.1018
1.3613
1.1136
0.87761
0.95824
3.8732
1.0308
1.1832
1.0198
1.2959
1.4643
1.1525
1.2457
1.0936
3.8505
0.94482
1.0661
1.3793
1.3846
1.3566
1.2943
1.1871
1.0309
1.2452
3.6624
1.3361
1.1752
1.2911
1.1178
1.416
1.1467
1.1647
1.2633
3.9091
1.4373
1.5736
1.2938
1.1271
0.94549
1.0029
1.0114
1.0469
0.85785
0.95296
3.8537
1.1361
1.0874
0.941
1.086
1.0899
0.96858
1.0033
1.3219
3.8228
0.83446
0.90721
1.0237
1.5014
1.0491
0.99914
0.99544
1.1592
1.0561
3.7774
1.1075
1.1013
0.97111
0.95706
1.0176
0.83277
0.93633
1.1883
4.0591
0.96811
0.86958
0.9918
1.0155
1.0925
0.98207
1.0137
1.0205
0.94836
3.9372
1.0198
1.0174
1.038
1.0298
1.2027
0.99209
0.91706
1.1292
3.6967
0.81734
0.86697
0.95473
0.84691
0.93386
1.0417
1.0535
0.95595
1.1323
3.8009
0.97847
1.0196
1.1274
2.2658
1.0303
1.0482
0.9892
0.95562
4.1148
1.0468
1.0973
0.96977
1.1173
1.1089
1.0102
1.3297
1.4781
1.1156
4.0322
1.1681
1.1853
1.2287
1.1125
0.9776
0.99217
1.2744
1.0425
3.9176
4.6519
1.068
4.2467
0.91423
1.0187
0.9018
1.0306
0.8668
0.90265
1.0171
4.0914
1.0735
1.1689
1.3603
1.0077
1.1651
0.99544
1.1004
1.0174
4.0624
1.5467
1.1696
1.7413
1.6121
1.1294
1.0898
0.90652
1.0538
1.1697
3.9703
1.0167
0.87199
1.0929
0.88835
0.92933
1.0301
1.0772
0.9106
4.194
1.3258
1.2324
1.108
1.1475
0.87363
0.86134
1.0386
1.0383
1.2083
4.3711
0.93654
1.0997
1.281
1.4577
1.6024
1.3418
1.2722
1.2749
4.0068
1.1055
1.0528
1.3001
1.1048
1.0983
1.0534
1.319
1.4605
1.6046
4.3066
1.5943
1.2554
1.0597
1.0623
1.1255
0.90741
1.1232
1.0522
4.0087
1.4098
0.83205
0.91554
0.97339
0.92522
0.9357
1.0801
1.1889
1.3182
4.0315
1.3354
1.1197
1.4349
8.1305
24.025
20.425
16.826
21.571
35.869
49.37
57.439
46.309
40.346
37.992
50.834
65.143
74.561
81.227
66.512
57.492
78.948
99.037
98.871
88.495
68.942
48.145
42.148
45.5
56.298
61.469
59.623
28.08
1.8521
1.9896
1.1872
1.7411
0.90714
1.1102
4.1516
1.6927
1.4385
1.4951
1.3924
1.0381
1.1101
1.0658
0.96057
4.0739
1.2237
1.8069
1.3338
1.35
1.3963
1.3652
1.3128
1.4238
1.4327
4.4375
1.2726
1.2066
1.1227
1.0072
0.92681
1.2455
1.0726
1.1546
4.1595
1.0228
0.98648
1.2515
1.3991
1.1004
1.1406
1.109
1.1022
0.85093
4.0509
1.0451
0.91086
0.93397
1.17
1.1455
1.4595
1.4824
1.57
4.3543
1.3927
1.0868
1.0807
1.0271
1.2199
1.0293
1.1061
1.1249
1.0436
4.1702
0.99312
1.2192
1.0292
1.061
1.1436
1.1518
1.0943
1.232
4.3306
1.5449
1.3784
1.2569
1.2647
1.1281
1.1271
1.0612
1.0126
1.3682
1.182
4.3316
1.7185
1.5958
1.8649
1.1901
1.2219
1.0443
1.0317
1.1413
4.3046
1.28
1.408
1.1686
1.7295
1.0988
1.1879
1.2074
1.7337
1.1553
4.1421
1.31
1.2617
1.3665
0.94253
1.063
1.1173
1.122
1.3535
4.1879
0.92956
1.0345
1.0106
0.9409
0.94511
1.1496
1.132
1.0061
1.0519
4.3878
1.1176
1.1525
0.88894
1.1742
1.1175
0.99272
1.0445
0.92979
4.123
0.88424
0.97472
1.2456
0.8873
0.94931
1.5987
1.1782
1.5274
1.0984
4.1377
1.1528
1.1741
1.1236
1.1378
0.91692
0.9153
1.1259
0.96146
4.3403
0.95553
1.31
1.0921
1.1226
0.89058
1.1034
1.1472
1.2087
1.1335
4.363
0.99589
1.3309
1.0747
1.5201
1.1761
1.4971
1.0554
1.2709
4.4664
1.2001
1.027
1.0586
1.0174
1.0206
1.074
1.3791
0.91476
1.3767
1.1358
4.2822
0.92539
1.3054
1.2558
0.89527
1.0192
1.0879
1.049
0.99612
4.205
1.2997
1.1005
0.88395
0.91893
1.2362
0.9251
0.84483
0.86765
0.90337
4.1463
0.96927
0.87512
1.0359
0.90364
0.94506
0.98712
0.95499
0.90953
4.3844
1.4767
1.1894
1.4406
1.0787
0.91722
1.0553
0.99195
0.93379
1.0206
4.2612
0.94937
2.2716
1.6661
2.0694
1.933
2.0695
2.0402
2.3614
4.0541
2.1518
2.7756
1.7574
1.8759
2.2014
2.3096
2.3056
2.2624
2.3528
3.7482
2.0253
1.9762
2.686
2.2653
2.0391
2.0846
2.4397
2.1226
3.9227
2.7513
2.3944
2.3244
2.4221
2.1179
2.3067
2.6042
2.6049
2.3041
2.8205
2.4329
2.5263
3.3103
2.9018
2.3267
2.9534
2.3706
2.5357
3.1324
2.82
2.6335
2.969
2.8774
2.9058
2.6356
2.8904
2.9477
3.5351
2.7755
3.0112
3.0765
3.0421
3.0334
3.5698
3.1267
3.2354
3.1029
3.153
3.447
3.2663
3.4581
3.3038
3.7471
3.2414
3.3151
3.2802
3.5553
3.8832
3.4258
3.6552
3.7884
3.7446
3.768
3.8599
3.5104
3.5219
3.3695
3.3711
3.3453
3.4882
3.3946
3.4164
3.3919
3.5137
3.4316
3.392
3.4111
3.4313
3.4221
3.435
3.4153
3.5013
4.1991
3.4385
3.4303
3.4173
3.4251
3.3786
3.4558
3.4571
3.5311
3.3789
3.3687
3.3516
3.3027
3.375
3.3879
3.4343
3.3121
3.3831
3.3923
3.352
3.3045
3.3662
3.3658
3.417
3.3297
3.3769
3.3799
3.4035
3.2938
3.4964
3.9263
3.3256
3.3463
3.3976
3.3907
3.2741
3.2582
3.3747
3.3489
3.2806
3.3225
3.2766
3.2779
3.3403
3.3317
3.3117
3.2847
3.3325
3.3148
3.2675
3.2289
3.3322
3.3672
3.3141
3.1967
3.373
3.2864
3.3038
3.248
3.174
4.2397
3.2374
3.2585
3.0745
3.264
3.2296
3.456
2.9509
3.0874
2.9902
3.1451
2.8926
3.0189
2.8088
3.1914
2.6739
3.0247
2.8381
3.1294
2.6655
3.5012
2.6122
2.9789
2.4432
2.8869
2.4851
3.0759
2.4184
2.7564
2.4818
3.6506
2.2218
2.3167
2.1644
2.649
2.1083
2.3832
2.22
2.5837
2.0749
2.2514
2.4369
2.3707
1.9132
2.2662
2.0047
2.4836
1.8118
2.1891
2.025
2.2781
1.918
2.2209
2.1308
2.1746
1.6334
2.129
1.6372
2.189
1.6687
2.4123
1.5529
1.755
1.8292
1.4506
1.9881
1.7886
1.4067
1.7201
1.795
1.8683
1.2837
1.7618
1.6631
1.8395
1.4555
1.769
1.5347
1.7452
1.4722
1.6675
1.7056
1.6772
1.526
1.4913
1.0902
0
0
0
0.0089203
0.00966
0
0.020483
0.0096225
0
0
0
0
0
0
0
0
0
0
0
0
0
0
0
0
0
0
0
0
0
0
0
0
0
0
0
0
0
0
0
0
0
0
0
0
0
0
0
0
0
0
0
0
0
0
0
0
0
0
0
0
0
0
0
0
0
0
0
0
0
0
0
0
0
0
0
0
0
0
0
0
0
0
0
0
0
0
0
0
0
0
0
0
0
0
0
0
0
0
0
0
0
0
0
0
0
0
0
0
0
0
0
0
0
0
0
0
0
0
0
0
0
0
0
0
0
0
0
0
0
0
0
0
0
0
0
0
0
0
0
0
0
0
0
0
0
0
0
0
0
0
0
0
0
0
0
0
0
0
0
0
0
0
0
0
0
0
0
0
0
0
0
0
0
0
0
0
0
0
0
0
0
0
0
0
0
0
0
0
0
0
0
0
0
0
0
0
0
0
0
0
0
0
0
0
0
0
0
0
0
0
0
0
0
0
0
0
0
0
0
0
0
0
0
0
0
0
0
0
0
0
0
0
0
0
0
0
0
0
0
0
0
0
0
0
0
0
0
0
0.0096225
0.013819
0
0
0
0
0
0
0
0
0
0
0
0
0
0
0
0
0
0
0
0
0
0
0
0
0
0
0
0
0
0
0
0
0
0
0
0
0
0
0
0
0
0
0
0
0
0
0
0
0
0
0
0
0
0
0
0
0
0
2.5036
2.5427
2.6153
3.268
3.3678
3.8246
3.6431
4.5541
4.8845
5.6264
6.0044
7.1517
7.3467
7.442
7.7371
9.5227
9.2744
9.5124
10.614
11.201
12.137
12.335
12.248
13.6
14.325
13.858
15.57
16.052
16.003
16.282
17.574
18.007
19.655
19.082
18.977
19.265
19.391
20.143
20.889
21.648
22.341
22.893
23.324
24.658
26.112
26.796
26.754
28.387
29.341
31.239
30.486
32.937
32.6
33.74
35.169
36.271
36.649
36.917
38.118
38.103
39.303
39.382
38.903
40.241
37.911
36.803
37.168
37.165
37.746
36.525
36.555
37.164
36.192
35.987
36.419
37.093
35.32
30.601
30.811
31.226
31.343
30.704
30.052
29.885
30.035
30.401
31.149
28.024
28.645
31.012
32.095
30.816
30.117
29.021
30.556
29.644
31.771
30.408
29.56
27.379
30.206
30.844
28.371
27.465
27.996
28.391
26.902
27.143
28.769
29.85
24.385
25.344
29.1
26.912
27.386
29.717
27.256
28.107
26.146
29.265
28.877
23.342
25.822
28.204
29.897
26.16
25.559
29.492
28.058
29.759
26.911
26.827
26.483
26.694
27.092
26.423
24.783
25.221
25.933
24.593
23.586
24.46
24.914
23.678
21.863
24.356
24.748
23.43
21.844
21.467
20.226
18.037
20.63
20.25
19.839
19.017
21.922
21.669
20.891
19.267
18.235
17.881
15.444
11.52
13.98
11.856
14.248
13.693
12.929
14.636
15.519
13.356
11.298
10.766
11.124
12.713
14.966
16.925
17.201
15.789
14.778
12.954
8.8884
11.659
17.323
17.476
19.428
22.566
18.246
11.73
7.745
7.3948
9.9089
11.41
12.351
11.813
10.768
13.49
14.4
14.365
13.98
13.588
13.812
10.54
7.5364
10.001
11.134
13.139
14.148
13.084
12.893
15.124
16.402
13.585
12.705
14.222
13.965
10.868
5.9962
6.4277
9.622
11.719
12.556
13.219
12.905
15.939
17.12
15.775
15.368
15.313
14.929
11.213
8.0957
6.9399
112.55
54.061
54.351
53.306
54.706
53.628
53.229
52.307
52.116
53.303
51.973
53.351
52.215
51.555
50.049
48.17
48.851
47.983
48.113
48.224
48.09
48.35
47.277
48.7
48.387
48.807
47.895
46.519
46.549
45.656
45.812
44.568
45.852
45.194
45.171
46.098
44.379
45.773
44.916
44.661
44.365
42.256
43.599
42.849
42.428
42.45
40.967
42.399
40.621
41.701
41.561
40.326
42.457
39.607
40.229
39.886
38.359
40.25
37.281
38.361
37.931
35.978
37.334
35.004
36.123
35.62
36.483
38.607
39
37.677
36.25
37.535
36.412
35.959
35.957
37.788
37.897
37.769
37.925
37.326
40.038
37.207
38.417
37.436
36.281
36.568
35.155
36.713
35.988
35.999
35.939
35.547
36.164
36.832
36.531
37.564
37.553
37.957
37.677
37.154
37.513
37.344
37.94
36.734
37.135
36.825
37.242
38.266
38.21
38.108
38.774
38.987
39.945
39.361
39.004
39.694
38.389
39.56
38.581
38.095
39.022
38.059
37.507
37.743
36.763
36.772
36.769
35.619
37.028
35.986
36.262
36.513
36.173
37.096
36.736
38.397
37.755
37.902
37.8
37.55
36.233
36.666
35.267
34.999
36.02
34.239
36.237
35.192
34.342
35.108
33.415
106.16
25.477
22.099
25.271
27.548
30.425
29.507
30.723
36.021
39.735
38.527
38.506
36.926
33.696
33.272
30.756
33.448
33.854
34.173
38.463
37.739
36.391
36.03
36.895
37.613
33.009
32.182
37.285
38.492
36.462
35.569
34.466
35.02
37.538
39.954
43.887
43.169
42.206
47.434
51.603
51.191
53.311
49.184
48.414
53.138
48.673
43.961
40.775
39.331
39.42
38.168
33.549
26.57
24.995
29.101
28.817
29.708
29.447
28.178
24.045
28.627
31.735
31.706
44.486
43.608
51.767
49.555
45.649
44.617
42.556
41.154
37.788
35.278
30.785
28.385
27.089
27.222
31.357
31.452
32.049
29.373
24.154
37.292
45.162
46.499
43.205
35.304
35.55
31.848
32.303
44.105
44.456
48.469
46.067
43.592
40.24
39.723
40.101
38.117
36.864
30.528
25.984
27.526
33.093
29.169
36.319
40.649
43.881
36.303
34.27
34.161
36.611
34.738
40.167
40.411
40.785
37.157
34.879
35.761
40.838
40.521
41.812
43.311
42.308
41.777
40.254
42.342
43.424
44.041
47.069
47.378
44.037
39.934
43.633
44.508
41.297
41.045
44.166
41.08
31.876
25.46
31.387
32.958
31.212
26.323
26.036
35.957
36.131
37.738
38.641
38.731
39.266
40.703
43.798
47.347
46.887
46.9
44.422
41.24
37.164
31.036
136.37
39.937
45.824
49.463
44.741
45.752
43.096
46.264
45.309
44.153
41.638
42.605
44.83
47.876
44.282
46.366
47.113
44.638
48.768
54.731
50.317
50.829
52.537
52.85
54.516
56.271
64.492
59.123
43.696
56.976
62.307
54.539
51.055
51.367
54.042
54.611
53.051
50.613
48.948
44.582
41.143
43.288
50.14
45.628
46.742
47.469
39.652
40.287
48.296
44.224
48.551
42.592
42.314
39.886
38.942
39.849
45.265
34.523
32.19
38.876
40.652
40.686
41.848
47.742
50.771
47.942
37.661
38.875
33.812
47.089
57.479
42.138
39.067
44.477
53.196
59.026
34.73
36.56
50.728
59.607
51.737
50.748
39.79
51.773
35.715
41.591
34.666
41.523
52.328
37.811
30.311
33.016
33.67
32.472
28.423
25.999
31.216
32.401
25.521
28.711
30.471
25.772
32.083
33.225
36.973
44.74
32.757
44.806
34.288
34.639
40.422
34.189
44.659
42.699
39.194
40.921
136.77
41.388
37.385
30.708
35.972
33.782
28.716
45.342
41.804
32.228
31.377
31.131
29.359
34.541
30.12
28.639
25.706
42.531
47.62
31.296
26.133
35.789
37.037
36.912
27.154
39.598
41.958
41.045
49.792
40.457
34.212
41.677
39.546
35.336
34.48
29.191
27.535
25.538
23.575
22.744
20.206
18.863
18.977
16.385
15.032
14.609
13.312
13.64
12.582
13.048
13.195
11.783
11.662
11.99
10.581
11.12
12.898
14.532
10.874
10.485
8.752
9.3131
8.072
7.9012
8.2301
7.8495
8.0386
8.0634
9.2569
9.079
7.9073
7.7035
7.7092
7.7241
7.5038
7.3565
9.1652
6.3647
9.1975
6.2792
5.6861
7.5505
5.4524
4.5432
5.2879
4.0572
4.7409
5.0974
4.3997
4.1302
4.0264
4.9025
3.901
3.8102
3.535
3.5393
3.455
3.1773
17.157
3.0558
6.594
2.6282
2.4255
2.5196
2.5264
2.7225
3.1535
2.9606
4.0501
4.5091
4.7485
5.6988
6.1707
6.4516
6.0996
6.6275
6.6895
9.5846
10.792
11.342
11.043
13.343
10.597
8.1144
6.3625
6.3929
6.4036
6.8343
5.9536
5.4628
4.9428
5.8136
2.2203
2.6611
2.5794
2.6744
2.2492
2.5626
2.9199
3.5086
3.2476
3.1136
2.8913
2.5261
3.3773
2.9073
3.3416
4.1062
4.717
5.7768
5.9643
6.381
6.8227
6.7247
6.5202
5.1929
4.5731
4.5199
3.6957
3.1844
3.9626
4.4781
4.7041
4.8774
5.1349
5.7163
6.2001
7.3029
7.6821
7.2715
6.5065
5.5668
4.6711
3.6183
3.2071
3.5189
4.1559
5.535
6.4879
7.0204
7.4007
7.6501
7.8026
7.8298
7.3145
7.1264
6.3925
5.7848
4.9465
4.2359
4.6157
4.6955
4.9804
8.7743
5.7295
7.9494
8.8597
10.663
9.4815
8.5982
7.8377
7.7986
8.1572
6.6064
4.3692
5.2195
7.2527
8.4372
9.2975
10.123
11.162
11.72
12.028
14.238
14.548
12.86
11.111
10.368
9.2786
7.8787
6.0467
5.163
6.2249
7.8501
9.8506
11.022
11.49
12.063
15.153
16.107
12.853
10.077
9.3351
9.9048
9.2794
7.3729
6.7794
7.1844
8.2218
9.4036
11.081
13.068
14.802
15.634
16.118
17.5
18.207
20.375
23.366
22.015
19.344
18.571
17.39
16.239
14.804
12.554
10.484
9.3282
9.1432
9.7407
11.894
14.422
16.539
18.241
19.462
19.237
17.651
15.746
14.008
13.309
12.295
12.552
12.478
11.503
12.992
13.273
12.217
12.448
11.409
12.32
12.936
13.213
13.917
14.096
14.081
13.323
12.371
11.518
10.892
9.9885
9.481
8.8377
8.0557
8.4632
9.0344
10.668
9.6063
11.815
9.9083
10.338
9.3075
7.3873
5.7131
7.091
8.7591
10.088
9.6457
8.6589
7.1726
6.9271
6.3978
6.9271
8.0003
8.9128
9.4156
8.6254
8.5411
7.834
7.586
6.6722
4.3142
3.2687
3.6699
3.4704
3.5675
3.4654
3.8316
5.3817
6.5513
6.8451
6.2513
5.2366
4.126
2.8973
2.121
1.8986
1.8075
2.0996
1.7823
2.207
1.7466
1.7964
1.6333
3.0214
1.8578
2.1027
2.2879
2.4073
2.336
2.4394
3.0669
3.32
3.7481
3.5367
3.893
3.1693
3.3162
2.9526
2.7203
2.4795
2.3074
2.4854
2.5244
2.5228
2.3756
2.2814
2.4496
3.6706
6.5173
8.6868
9.5576
10.449
11.156
11.027
10.037
9.0888
7.9443
6.7088
4.8311
2.4435
2.0535
3.0341
2.9785
2.7494
2.3287
2.1695
1.9271
2.6128
3.925
4.6319
4.7669
3.2759
2.236
1.8916
2.0079
1.6643
1.5279
1.6158
2.3721
2.9215
3.5271
4.1787
4.8176
5.2416
5.6452
6.0421
7.2003
8.7372
11.05
11.252
10.768
11.682
11.422
11.183
11.013
11.546
11.191
11.712
12.706
12.958
12.622
12.535
12.958
13.607
13.622
11.093
11.495
12.127
12.111
11.778
12.143
12.853
11.445
9.3216
7.3928
6.5327
5.5341
8.4819
10.008
10.323
8.8922
7.8984
8.4571
9.0373
8.8049
8.0599
8.0402
7.702
6.8971
6.1025
2.3572
3.0434
3.5391
121.18
1.5482
1.4821
1.6027
0.8952
1.0907
1.1566
0.95866
1.3955
1.2128
1.0522
1.5445
1.2146
1.0072
1.4406
1.0799
0.71011
1.1568
0.52666
0.54425
0.98199
0.96104
0.51444
0.5623
1.0526
0.57411
0.71427
0.55232
0.88519
0.8725
0.87573
1.0216
0.84009
1.4671
1.0078
0.91154
0.86983
0.72459
0.56724
1.0325
0.75617
0.77216
0.88204
0.99036
1.2468
1.6919
1.0116
1.2094
1.0968
0.8714
0.57925
1.8478
0.68951
0.55855
1.0646
0.7243
0.97279
0.81481
0.74659
1.0251
0.84731
0.95442
0.90304
0.76276
0.9396
0.59606
0.94137
0.82181
0.79834
0.6498
0.90159
0.71305
1.3155
0.68959
1.0192
0.64052
0.85964
0.70225
0.89835
0.736
0.74119
1.0837
0.76017
0.7325
0.85684
0.64269
0.82276
0.70063
0.79832
0.79006
0.70302
0.76928
0.65821
0.72989
0.61423
0.76532
0.74459
0.56154
0.651
0.99873
0.74969
0.85989
2.1183
0.96572
1.472
1.2869
1.1225
1.2904
1.2803
0.67704
0.56006
1.3673
0.60838
0.51696
0.93422
0.68197
1.1994
1.0878
1.0284
1.123
0.80194
0.71077
0.72874
0.64245
0.70797
0.638
2.1119
1.4093
2.4687
1.4333
3.6567
1.7447
2.5653
1.8518
4.7413
2.8023
2.8093
4.5089
1.9303
1.7228
2.1523
5.2648
4.162
3.3383
135.07
2.9209
2.0496
2.2318
1.8143
1.8838
2.7647
2.8556
5.0155
3.8588
4.4728
3.6916
4.289
5.8275
4.1863
4.4704
4.6911
3.0405
4.8787
3.4513
2.1992
2.999
4.2919
3.9799
1.4619
3.1346
1.7969
3.9282
4.0638
3.4672
4.6618
4.8037
6.2113
7.9827
7.9097
6.8539
3.8975
5.0672
4.5306
6.2665
2.7826
3.0303
3.2809
1.9252
2.2075
4.383
8.1352
9.8597
4.5547
5.3473
5.4227
6.0768
6.6542
5.0295
5.5677
3.8729
1.8048
5.5167
3.7799
6.4836
8.4238
4.3854
3.9157
2.4868
5.9438
5.9995
2.9167
3.5017
3.5692
3.3295
5.3254
6.1384
6.6094
6.6941
6.5826
4.6337
3.9133
4.095
3.1802
2.595
3.9092
7.2479
8.723
9.767
10.304
10.909
10.87
10.942
10.846
8.8553
8.1562
8.6063
5.0909
4.1807
2.5954
7.1909
6.1368
3.6033
2.2762
3.708
2.4286
5.6192
5.8482
5.7533
3.3875
2.2137
2.4013
2.8654
5.278
3.3132
8.0012
4.8851
6.9981
4.3983
6.8942
10.778
5.2364
7.4649
3.9837
143.63
13.56
10.471
8.2261
8.2696
7.967
7.427
6.7779
5.319
2.6566
3.0092
3.2484
3.7752
3.1776
3.5044
2.4407
2.4525
5.2822
7.0384
4.5428
2.6622
5.2408
2.6221
3.6621
5.0423
4.2714
4.5003
4.4433
5.0506
3.1987
3.6843
7.0938
3.8087
5.0647
6.4525
6.024
2.9105
4.1795
4.0668
5.2071
4.44
4.353
6.8959
5.2896
6.8308
8.3896
8.9727
6.867
7.3437
6.9841
7.3719
6.5358
130.62
4.6613
4.7496
4.5113
4.3
3.6506
3.0833
2.711
2.4977
3.0112
3.0261
3.6084
4.0697
4.4183
4.7108
4.8189
5.5535
8.1976
9.68
10.884
11.677
12.733
13.708
14.199
14.489
14.327
14.286
14.088
13.842
13.376
12.92
12.505
12.264
12.476
13.245
14.65
16.817
19.401
20.791
21.007
20.801
20.026
19.31
18.463
18.108
18.046
17.988
17.441
17.44
17.761
17.786
16.917
16.215
14.913
14.226
13.631
13.299
13.283
12.691
11.85
10.829
10.486
9.8006
9.5742
9.0539
8.409
8.1617
8.1044
7.7736
7.3051
6.9431
6.7281
6.5545
6.3142
6.0365
5.764
5.566
5.3665
5.0088
4.6393
4.4067
4.2057
4.0306
3.8358
3.8089
3.7126
3.6149
3.2619
3.1394
2.8906
2.8362
2.6746
2.5765
2.4076
2.3987
2.2478
2.2523
2.1642
1.9757
1.8197
1.7719
1.6098
1.5798
1.5753
1.5594
1.4258
1.4447
1.3159
1.2524
1.3109
1.1876
1.1203
1.0499
1.0063
0.88581
0.82682
0.9239
0.78825
0.87532
0.74376
0.72114
0.63013
0.86045
0.61826
0.66785
0.56
0.75601
0.66042
0.60572
0.48436
0.5607
0.5329
0.50901
0.73641
2.7338
2.4559
0.97117
104.64
3.765
4.2731
3.2458
5.7795
4.152
5.5644
4.003
7.3171
4.0684
6.889
1.6812
3.4161
4.0881
5.1574
2.2916
6.1027
5.4299
3.0717
2.9277
6.2001
4.8269
8.1594
9.6246
4.7506
7.1957
7.7763
2.9515
4.2363
4.9586
4.8515
5.442
5.0125
4.0303
3.5991
4.1896
7.9225
7.0244
4.5245
4.7807
4.195
2.5269
4.3024
2.4489
3.6712
3.4161
2.8578
2.4383
2.8972
3.6246
4.159
8.2814
6.1755
5.5405
7.4923
2.4043
6.666
9.2551
8.0446
5.0025
4.1064
5.9963
9.9553
8.1992
7.6955
8.0852
11.617
7.3289
6.4796
9.4796
9.1138
11.335
12.238
11.285
10.568
8.2311
8.3617
8.0269
10.666
7.8867
10.296
11.94
10.251
12.555
10.629
12.33
10.853
14.923
12.333
8.8643
16.726
9.6494
9.7172
16.509
11.045
11.462
16.227
11.445
9.9208
13.881
13.485
14.017
9.9793
15.431
15.423
13.58
13.168
10.989
18.566
13.887
13.625
10.161
9.1789
15.681
10.697
12.126
10.071
8.8778
12.651
9.3413
8.3468
7.3877
9.0764
121.93
1.3999
1.1982
0.98892
1.1551
0.69172
1.0826
0.99643
0.66556
0.93189
0.94259
1.5169
1.9238
1.2249
0.90457
0.83554
1.0623
0.94108
0.60537
1.25
0.97559
1.051
2.1357
4.8802
6.6267
10.447
12.184
14.18
14.276
14.963
15.596
16.371
15.865
15.673
16.416
18.232
19.347
18.703
17.861
16.033
16.572
17.225
17.127
16.898
16.792
16.867
17.262
17.024
15.841
15.261
14.433
14.209
15.23
15.696
16.102
16.625
16.264
16.001
15.891
15.664
15.06
14.672
14.502
14.661
14.5
14.89
116.98
19.562
20.028
19.386
18.409
17.587
17.045
7.9187
15.059
16.539
13.764
6.7924
6.6226
8.4287
13.213
13.845
11.069
8.9779
7.7121
8.6651
12.827
14.541
14.341
13.685
13.072
12.548
12.308
11.418
11.904
9.6099
5.5258
4.303
4.6023
8.2617
12.6
12.911
8.5065
143.28
13.963
12.285
11.036
10.333
9.6109
7.9979
8.9711
7.1099
5.6315
5.5509
4.3284
6.1402
3.0698
2.6048
4.1109
4.3278
8.5231
1.6448
5.595
4.7813
3.5029
7.3399
2.2498
2.9805
2.393
5.2197
2.4698
7.0886
7.9509
12.974
16.18
17.716
18.442
18.117
15.242
10.896
8.9345
14.445
17.221
18.47
17.308
13.734
8.4617
8.509
11.801
11.467
9.5663
5.5283
5.8812
9.3322
10.261
10.19
9.2054
7.5357
2.055
6.6071
6.1396
4.6023
2.47
2.5161
5.3277
7.4402
7.9254
8.129
7.1781
4.9699
4.2976
3.7514
3.3452
3.2507
120.59
10.985
9.0386
8.297
8.8634
10.337
11.776
13.365
14.743
15.474
16.254
16.384
16.126
15.9
16.53
14.903
15.36
14.502
14.195
13.971
13.386
13.159
12.882
14.126
14.704
17.176
17.562
16.603
13.933
14.263
11.652
9.9878
11.246
12.507
12.594
12.064
12.478
13.343
12.06
11.738
9.3787
8.1508
7.4267
8.4751
10.346
10.114
9.1552
10.12
9.8883
9.8392
10.214
9.2747
9.9668
10.268
9.9714
9.3315
8.7587
7.6564
7.1369
6.7402
5.6974
4.9693
6.8141
7.2618
6.3819
5.7593
5.8132
6.8899
7.744
7.9252
6.936
6.824
8.1136
127.02
52.445
61.275
69.71
69.379
64.53
56.339
46.468
38.215
31.525
18.011
16.162
20.802
20.698
33.072
13.844
16.463
15.759
16.673
27.29
10.879
22.306
7.8521
26.632
19.579
17.183
7.6072
7.2683
2.7489
7.047
5.496
6.9282
5.7886
6.3845
6.0867
1.7704
1.7122
3.1236
5.1843
3.5308
2.0758
5.3226
5.9189
6.5409
7.0203
6.2962
5.9661
3.5458
7.9567
7.3499
9.3092
8.7473
10.269
6.8324
9.5212
7.9811
7.3053
8.1835
6.9243
7.7953
4.3102
9.6012
7.0259
8.1112
5.4891
7.4756
120.5
9.0407
1.9027
5.6443
6.3317
2.0809
3.2435
3.0579
2.8766
2.3413
3.2231
5.2958
2.5268
5.5729
3.8488
2.8515
2.376
2.8257
3.9152
5.9494
10.338
6.5339
8.8153
10.327
11.337
11.089
10.398
9.5328
8.5893
7.3616
9.5957
16.878
18.863
15.215
6.6417
11.005
19.062
20.09
18.753
17.7
17.434
14.403
11.715
3.5188
4.1699
2.0927
5.3251
1.6758
1.7306
3.4949
1.3953
2.1968
1.7749
4.3306
5.7807
1.8974
2.2867
3.4992
120.81
3.8757
5.3348
6.2734
4.0769
6.7203
8.3648
8.4971
10.389
11.817
14.798
19.626
18.504
18.995
20.269
20.72
21.908
21.675
22.343
20.611
19.983
23.585
26.904
28.328
28.685
28.022
27.458
26.85
26.075
23.693
27.314
27.628
26.81
26.757
27.3
27.858
28.007
27.1
24.744
23.765
22.511
16.852
5.4301
15.704
24.184
25.2
25.598
26.089
26.799
25.603
25.748
24.161
24.195
22.886
22.884
22.011
22.84
21.822
23.45
22.624
22.698
22.203
23.926
24.276
24.762
22.974
20.925
20.119
18.988
17.798
17.596
15.394
16.461
16.634
17.739
16.84
16.047
16.657
17.069
17.775
18.272
17.724
17.735
16.382
15.034
13.354
11.529
11.942
11.972
11.242
12.879
12.36
11.564
11.146
14.406
14.431
13.528
13.011
13.209
12.798
12.91
12.02
9.8715
9.413
10.564
10.451
10.707
12.089
12.998
13.489
13.813
10.112
11.786
6.0639
7.0812
6.173
7.8577
8.1576
5.9886
6.5009
5.7418
4.3914
3.6595
4.4149
6.9483
4.1719
3.359
3.5151
3.961
5.1382
6.3237
6.967
7.1705
5.6655
4.4749
4.8266
7.7723
5.1211
8.0098
5.5637
5.7994
5.724
5.492
5.6879
7.3065
6.0994
7.1537
7.3491
6.8333
8.6565
10.235
10.898
12.492
11.409
10.652
10.511
9.5429
8.5285
8.1141
8.8564
8.9755
9.8522
9.1227
9.3269
135.87
8.5531
8.2753
10.355
10.025
9.4529
8.589
8.5819
8.1303
7.7202
7.7112
7.201
7.2203
7.782
9.4079
10.564
8.326
8.3424
10.353
10.758
11.448
11.052
8.7916
8.8442
5.9961
7.5973
9.263
11.118
14.6
16.773
19.161
21.827
25.41
28.491
31.286
32.658
32.649
32.18
32.354
32.831
31.664
30.07
27.202
22.308
16.271
14.728
20.242
24.562
28.247
31.668
34.494
36.946
40.347
41.729
43.678
44.992
43.74
41.612
39.626
37.678
35.28
32.056
29.309
27.184
24.242
23.669
23.022
21.561
22.468
22.362
21.54
22.509
21.9
22.14
23.217
24.924
26.739
144.57
15.014
15.37
15.861
15.86
16.274
16.542
16.157
16.435
16.97
16.515
16.83
16.37
15.686
15.487
16.281
16.267
16.589
16.904
16.036
16.665
16.314
15.855
16.841
16.972
16.901
16.647
151.39
25.286
27.296
32.541
34.915
38.317
40.683
41.304
43.172
43.947
43.937
44.01
45.319
46.29
48.133
47.995
50.348
49.75
47.421
43.875
37.394
29.227
31.679
37.41
42.15
45.385
44.412
41.312
117.37
26.882
28.831
32.226
33.684
33.273
31.472
31.419
34.15
34.468
32.04
29.545
29.7
31.986
30.8
30.163
28.976
29.903
30.035
29.179
29.194
28.888
27.625
27.15
27.449
27.674
27.13
26.33
25.926
25.184
25.213
25.047
25.303
25.12
24.232
23.209
22.21
21.707
20.776
20.347
20.437
20.85
19.385
19.175
18.017
18.213
18.196
17.016
16.783
16.823
15.644
14.345
13.802
13.356
14.186
14.915
15.78
15.778
15.492
16.019
16.062
17.132
16.726
17.089
16.501
18.062
19.046
18.444
17.292
17.718
17.572
17.817
18.533
18.291
17.403
17.832
17.941
17.352
15.197
14.658
15.572
15.308
14.382
14.933
14.984
15.423
15.127
14
13.594
13.411
15.265
16.041
15.56
15.927
17.102
15.573
16.455
16.94
16.372
15.892
120.76
27.671
28.581
29.766
30.077
29.666
28.014
25.579
23.292
20.203
15.966
11.252
7.828
8.9773
12.617
16.206
19.216
21.617
23.503
25.121
26.254
27.515
28.489
28.912
28.801
28.999
28.278
27.369
27.421
26.788
25.304
24.147
22.865
21.028
20.065
19.051
18.094
15.883
14.037
12.905
12.269
11.15
10.143
8.8186
7.9883
6.7112
5.544
4.8838
5.2024
5.8801
6.9977
8.2672
9.8969
11.563
12.911
13.814
15.133
16.744
17.963
18.945
20.004
20.439
20.097
20.161
19.859
18.461
18.97
18.718
18.52
17.811
16.749
15.459
14.324
12.902
11.187
9.6039
8.6464
7.9769
7.5953
6.7429
5.8432
4.4838
4.1308
3.9585
4.4243
5.0723
5.6228
6.5604
7.7286
8.5757
9.5261
10.382
11.419
12.229
13.52
14.108
14.467
14.654
13.702
14.374
14.768
14.319
13.963
12.836
12.368
11.38
10.498
9.5897
8.0114
6.2295
4.8896
3.4806
3.4926
4.8598
5.5087
5.9518
7.0955
8.673
10.93
13.654
15.067
16.304
14.194
11.547
8.208
7.0194
7.8297
7.7564
8.0176
7.3143
5.378
5.7679
6.6259
6.8851
5.3743
4.7112
3.6953
2.9584
7.3127
5.2767
5.7762
3.5273
3.6701
2.7147
4.136
4.3766
3.1973
2.211
2.7305
3.9921
2.2722
3.5618
3.7428
2.0233
2.4384
3.2087
2.3437
3.216
4.395
4.227
3.6947
3.1741
3.8217
8.1933
2.7196
4.9843
3.4508
2.5909
2.3185
2.4187
2.8175
1.7797
2.7128
2.9921
2.7719
2.3878
1.9969
2.7681
1.9004
2.588
2.5767
2.1796
1.7245
2.0991
2.4417
2.7415
1.9656
2.5698
2.3809
1.9898
1.9133
1.8075
2.0019
1.6555
1.9728
1.9905
1.7173
2.2433
2.0105
2.1044
1.9896
1.9899
1.8195
1.5305
1.672
1.5477
1.4959
1.6763
1.8038
1.8067
1.534
1.4361
1.762
1.3256
1.2589
1.6063
1.357
1.3968
1.3946
123.91
16.959
15.514
17.621
18.618
18.743
19.084
21.553
22.567
18.692
15.996
18.123
20.324
18.9
17.537
18.977
18.154
16.205
20.774
23.991
20.163
23.363
25.939
26.298
22.482
21.263
22.792
23.597
20.479
23.332
26.926
24.446
20.475
26.011
29.554
29.222
23.796
29.676
34.747
34.407
30.443
27.41
28.679
30.134
25.915
35.351
38.989
34.698
31.153
31.153
34.718
35.976
33.287
36.38
40.188
37.84
34.759
33.041
32.44
34.513
37.184
40.576
42.72
123.87
8.2522
9.5735
10.143
12.947
16.509
21.096
24.907
26.521
26.859
26.469
25.869
27.65
27.071
26.803
31.267
33.449
29.752
28.346
26.255
28.616
30.727
32.295
32.716
33.165
32.696
30.853
28.642
27.923
26.668
25.032
25.06
22.796
23.907
26.314
26.229
21.84
26.913
28.874
27.872
24.335
20.988
22.507
26.131
28.608
28.87
28.806
24.356
24.679
32.659
31.778
32.239
27.315
26.776
26.182
24.455
20.737
17.16
20.355
18.544
102.75
5.7382
5.818
4.5548
7.8089
39.432
46.626
35.978
27.376
31.998
30.855
32.527
34.925
34.118
32.648
34.56
28.584
25.278
23.233
22.229
19.985
17.664
18.551
18.488
20.755
22.466
19.044
100.7
32.976
34.988
30.818
46.682
43.289
38.998
40.398
27.324
41.584
42.708
38.424
45.329
28.372
36.894
44.16
27.766
39.613
47.197
34.944
37.131
38.993
32.894
38.182
39.662
28.051
42.162
34.077
36.804
39.913
33.074
117.83
70.507
76.122
65.727
67.874
51.185
66.521
66.082
64.786
63.941
51.34
70.699
50.738
75.079
76.532
59.015
74.125
61.141
60.959
56.515
54.887
60.784
76.593
76.216
75.966
68.143
61.09
74.014
66.15
54.23
73.116
79.059
68.447
166.69
66.383
55.963
41.213
85.851
73.767
35.704
57.162
70.63
73.791
73.407
71.435
90.272
80.524
61.349
60.758
72.159
72.951
80.798
67.436
95.312
88.327
65.8
64.78
65.481
68.229
78.96
75.289
85.101
90.201
65.283
57.75
145.27
62.522
43.308
58.545
46.231
60.158
58.398
54.35
51.162
62.985
64.752
57.96
54.974
53.867
53.747
34.067
63.096
59.367
44.854
50.663
58.136
52.345
50.273
46.573
42.851
48.306
43.335
57.892
62.861
41.08
99.386
57.369
46.074
48.612
54.077
47.909
71.391
48.058
48.759
59.792
61.537
52.399
53.514
54.059
62.722
42.514
41.963
151.66
75.893
73.584
73.362
83.271
67.512
68.799
71.633
74.676
69.385
58.742
79.918
75.839
71.564
73.384
68.015
70.887
65.497
52.233
49.123
172.75
62.211
57.692
62.387
61.27
67.87
59.009
66.276
50.165
77.196
60.136
66.61
74.202
60.075
64.945
59.295
36.258
59.978
56.031
54.292
69.638
72.698
44.326
116.75
87.785
90.793
84.983
66.46
54.859
34.685
37.039
36.637
36.285
32.436
37.17
40.341
38.573
46.731
39.731
53.065
25.859
51.147
44.805
51.586
55.86
57.046
48.887
51.348
47.076
39.587
36.671
42.288
44.163
41.551
37.39
42.336
47.52
47.516
47.957
41.95
41.62
43.976
45.292
47.256
37.517
45.528
33.837
43.71
40.46
33.74
89.896
23.755
26.385
29.641
19.533
25.25
31.202
31.201
28.338
22.888
24.656
20.571
22.072
20.627
26.917
24.573
21.735
42.738
36.659
25.732
19.938
27.321
27.615
25.142
23.739
95.354
43.852
34.003
30.671
31.361
32.138
28.632
35.777
32.678
42.483
43.134
36.309
39.751
35.755
33.96
41.434
43.636
46.311
46.2
49.653
51.919
50.416
53.497
55.548
55.686
55.625
55.201
56.803
53.131
53.702
53.572
51.952
57.402
59.198
55.529
52.763
56.142
120.09
81.638
48.938
45.589
50.448
63.068
67.092
61.018
64.488
56.969
66.064
64.963
52.697
39.27
57.275
52.998
45.843
59.598
42.674
51.44
33.646
51.702
57.238
63.348
173.84
41.449
41.852
43.539
42.62
45.044
41.145
46.122
48.349
47.438
52.723
62.434
57.152
59.49
68.65
65.532
69.052
68.76
66.414
61.988
62.927
60.192
43.338
30.044
23.406
14.872
149.58
4.4799
3.6476
3.1888
3.2162
3.9165
3.4037
3.1132
3.0144
3.3397
3.1885
3.2381
3.1251
3.2079
3.3825
3.2834
3.088
3.6591
3.8582
2.9274
2.5272
3.3476
3.7268
4.0535
3.1866
3.5305
3.7536
3.9116
3.1442
2.8365
133.83
19.308
19.375
18.194
15.055
16.019
16.134
16.213
15.39
15.037
13.077
12.061
12.747
11.295
10.654
10.166
9.6563
9.8116
8.4774
8.7787
8.6745
7.8405
7.8936
8.4081
7.8519
5.3656
6.5119
7.0362
6.3986
7.1459
7.0775
5.971
5.2165
4.6484
4.187
3.9845
3.7756
3.8503
4.0601
3.8507
3.8268
3.4859
3.2163
4.0918
4.7578
4.3596
4.0533
3.5608
3.4722
2.8432
2.813
3.3532
2.8097
2.6176
2.839
3.7721
4.6678
5.9899
9.361
7.9309
7.7614
7.7967
11.024
8.0754
7.6764
99.166
27.814
24.563
24.773
26.139
29.42
32.956
124.73
0
0
0
0
0
0
0
0
0
0
0
0
0
0
0
0
0
0
0
0
0
0
0
0
0
0
0
0
0
0
0
0
0
0
0
0
0
0
0
0
0
0
0
0
0
0
0
0
0
0
0
0
0
0
0
0
0
0
0
0
0
0
0
0
0
0
0
0
0
0
0
0
0
0
0
0
0
0
0
0
0
0
0
0
0
0
0
0
0
0
0
0
0
0
0
0
0
0
0
0
0
0
0
0
0
0
0
0
0
0
0
0
0
0
0
0
0
0
0
0
0
0
0
0
0
0
0
0
0
0
0
0
0
0
0
0
0
0
0
0
0
0
0
0
0
0
0
0
0
0
0
0
0
0
0
0
0
0
2.9536
4.2309
4.1878
4.3293
4.2899
4.5431
3.7984
4.4481
4.249
5.1725
5.1781
4.7424
5.1077
4.9921
4.678
4.4018
3.8937
6.0959
6.3192
7.2057
7.4913
7.7388
5.9558
5.1472
4.7387
6.645
7.9565
8.3389
8.3077
8.634
8.7245
8.3089
6.3938
4.2804
8.052
10.662
11.549
12.337
11.557
11.01
6.7104
5.8744
10.271
11.74
12.233
12.007
12.281
12.303
9.559
9.7349
4.9461
10.638
12.951
15.42
16.261
16.213
14.23
7.3485
2.7436
8.9931
12.957
13.917
12.948
13.54
13.943
11.571
8.9718
4.8595
7.5806
13.041
14.766
15.624
15.139
13.098
9.7104
3.3322
6.8967
12.763
13.318
12.544
12.722
13.463
9.3662
9.3375
4.5048
6.823
11.116
13.789
14.962
14.761
13.113
9.2312
2.845
6.655
11.038
13.181
12.157
11.13
13.019
11.27
8.1691
6.3358
6.5041
10.717
11.535
12.464
11.789
10.162
7.8194
5.1254
5.3053
7.4734
8.4492
9.8107
7.8375
9.7997
8.5205
5.0878
5.2083
4.9443
7.7902
7.8859
7.4486
7.7423
7.2338
6.7837
4.1603
3.9241
5.4575
4.4188
6.2338
5.3729
4.9014
5.2631
4.3489
4.1361
3.5221
4.2116
4.6531
5.1281
4.7803
4.2465
4.4252
3.7565
3.3735
4.1188
3.852
4.2091
3.9492
3.5489
3.9416
4.0045
2.8523
0.028868
0
0
0
0
0
0
0
0
0
0
0
0
0
0
0
0
0
0
0
0
0
0
0
0
0
0
0
0
0
0
0
0
0
0
0
0
0
0
0
0
0
0
0
0
0
0
0
0
0
0
0
0
0
2.8623
3.1492
2.4501
2.7581
3.238
2.3885
3.2272
2.8161
2.9516
2.6848
2.8952
2.8582
2.9493
2.4493
3.2194
2.7392
2.9033
3.4385
2.8312
3.0529
2.8203
2.8297
2.8149
2.9616
3.541
2.6162
3.4627
2.8891
3.3549
3.4049
3.1922
2.6331
2.9963
2.4263
3.8743
2.8453
3.8467
3.2437
3.4018
2.8145
3.4725
3.9246
5.4416
4.6287
4.8659
3.266
3.2643
3.4317
3.4019
3.5008
5.1506
3.8489
5.203
3.2464
3.9215
1.7723
2.629
3.3295
3.3958
3.5957
2.8022
4.2877
3.3351
1.7699
1.9901
1.3084
4.763
4.1722
4.4519
5.6513
7.153
9.4674
11.696
11.318
13.54
12.69
15.951
14.609
10.465
10.65
10.96
12.162
11.987
12.393
11.502
11.667
9.0952
8.8199
8.7386
7.5776
8.3648
10.363
9.5991
13.802
16.453
15.571
13.262
12.333
9.1169
8.1371
7.1711
5.2176
6.7101
4.3869
7.5397
8.232
9.3943
11.506
10.748
10.292
10.553
11.701
12.237
12.502
13.02
12.665
11.48
3.6893
10.958
10.839
12.088
10.924
13.251
16.988
13.566
12.824
12.072
8.8747
8.8073
11.729
12.054
11.389
12.232
18.863
21.318
23.358
23.313
20.73
14.801
7.2442
7.2441
8.91
10.129
11.325
9.8818
10.055
9.5895
11.177
11.829
12.481
12.986
12.756
11.811
11.429
10.274
9.6105
8.7496
15.034
17.016
20.049
21.859
23.565
25.318
28.265
29.076
30.051
31.025
32.075
32.655
34.363
35.524
35.721
24.864
31.722
35.229
25.834
22.68
18.847
18.059
18.674
20.394
20.739
21.694
23.223
20.852
20.428
19.847
20.115
20.841
21.844
22.126
20.583
20.367
20.734
21.301
21.778
22.747
23.166
23.676
24.08
23.721
24.557
24.533
24.586
24.986
24.89
25.102
26.276
26.146
27.83
27.979
29.009
28.902
28.651
28.723
29.319
29.286
29.989
30.479
30.037
30.597
30.617
30.568
31.216
31.706
31.739
32.38
32.697
32.484
32.763
33.448
32.984
33.934
33.86
34.061
34.203
33.634
33.348
33.235
32.876
32.475
32.516
32.244
31.696
31.862
30.842
30.93
30.17
29.726
30.315
26.621
26.462
24.859
23.938
22.725
21.913
21.747
20.496
20.382
19.311
19.409
18.953
17.31
17.962
17.309
17.526
16.556
16.433
16.223
16.31
15.824
16.703
16.359
15.496
16.465
15.172
15.967
16.168
15.484
16.722
16.263
15.696
16.484
16.333
15.435
15.536
15.223
15.594
15.267
15.265
14.219
15.438
15.164
14.886
15.082
14.715
16.233
15.293
16.134
17.113
17.131
17.9
18.512
18.741
18.605
18.341
18.435
18.375
18.888
18.014
18.092
17.846
19.28
18.752
17.708
17.203
17.282
15.731
15.594
15.138
14.673
13.861
14.326
13.531
13.752
13.023
12.506
12.027
10.73
9.6269
8.6598
8.1795
6.745
5.9849
5.9027
5.8718
5.4409
4.8047
5.6902
5.9135
5.4472
4.8763
4.1616
3.2912
3.4443
3.3605
3.8512
5.0717
3.3816
3.1505
3.5375
4.1033
4.5626
4.1722
3.8192
3.5242
3.0449
3.0569
3.3445
3.2881
3.7152
3.826
4.0181
2.7522
3.069
3.8958
3.5075
4.2165
4.8459
4.7303
3.7433
3.9135
3.9152
4.6454
5.0213
5.1396
3.5046
4.2035
3.5547
3.2483
3.4463
3.5738
2.9898
3.3247
2.735
3.3925
3.3618
2.9184
3.0401
3.1704
2.4261
2.9726
2.6802
3.196
2.6911
2.9791
2.7662
3.2716
2.6375
2.945
2.7452
3.1369
2.672
2.4377
2.861
2.5169
2.7997
2.693
2.9527
2.5215
2.5604
2.7633
2.3195
2.5958
2.3045
2.5961
2.47
2.8243
2.3695
2.2546
2.5465
2.4623
2.3216
2.6598
2.3712
2.4695
2.3725
2.2908
0.021483
0
0.013555
0.013555
0
0
2.4148
2.5227
2.2823
2.5109
2.1099
1.784
2.834
1.9166
2.372
2.0433
2.6499
2.2974
2.3647
2.0524
2.6181
1.9525
2.3963
1.9914
2.4556
2.0275
2.3925
2.7443
2.1652
2.8008
2.278
2.4837
2.1218
2.711
2.9384
2.7962
2.4793
2.5346
2.2312
3.1635
2.5063
2.7532
2.4047
2.619
2.8421
2.3669
2.8622
3.2216
2.6837
3.1741
2.8014
2.9635
2.6141
3.2617
2.8547
3.0348
2.772
3.3337
2.9681
3.4116
2.9826
3.6587
3.3353
3.4276
3.0683
3.6706
3.2442
3.602
3.217
4.132
3.42
3.6528
3.3964
3.9402
3.5837
3.7279
3.4827
4.1117
3.6325
3.7928
3.6086
4.1899
3.8667
3.9027
3.7598
4.2155
3.9213
3.9972
3.8821
4.5128
3.6467
3.6938
3.5924
3.8252
3.6333
3.7321
3.6301
3.8191
3.6726
4.134
3.7105
3.814
3.617
3.6988
3.7019
3.8102
3.6291
3.7298
3.623
3.7523
3.6814
3.6461
3.697
3.7942
3.6484
3.6872
3.6694
3.7477
3.6248
3.6761
3.7205
3.7222
3.6369
3.6826
3.7074
3.7741
3.6346
3.6585
3.628
4.2825
3.6958
3.7022
3.5413
3.6741
3.6859
3.6019
3.6082
3.6681
3.5734
4.1977
3.6183
3.7157
3.6189
3.6677
3.5604
3.7168
3.5645
3.5763
3.6231
3.7139
3.5443
3.6753
3.5973
3.6426
3.5793
3.5506
3.6126
3.7042
3.47
4.1305
3.5463
3.6918
3.5658
3.5532
3.549
3.6046
3.5617
3.657
3.5052
3.6103
3.5827
3.5678
3.5915
3.6187
3.5127
3.6207
3.5621
3.5406
3.5168
3.6846
3.4959
3.5839
3.5815
3.5974
3.549
3.6098
3.4729
3.5872
3.4714
4.1019
3.5516
3.5265
3.4941
3.6238
3.5334
3.4555
3.5098
3.5441
3.5552
3.4598
3.5529
3.517
3.5543
3.4223
3.4977
3.4661
3.4917
3.4807
3.7346
3.692
3.6636
4.4279
4.1229
3.5797
3.86
3.7398
4.0333
3.4736
3.7371
4.1134
3.8452
3.2625
3.5134
3.5095
3.7213
3.2283
3.542
3.3496
3.7728
3.0531
3.3849
3.1701
3.5424
2.8708
3.2322
3.0924
3.3518
2.8781
3.1167
2.9307
3.3947
2.7124
3.1354
2.8265
3.4953
2.525
2.9261
2.833
3.156
4.0383
2.2004
2.7839
2.4113
2.952
2.3317
2.7477
2.5568
3.0269
2.1418
2.5074
2.3306
2.7867
2.2117
2.4986
3.4829
2.2003
2.1974
2.6851
2.2145
2.0757
2.7525
2.0414
2.4323
2.1761
2.7885
2.1962
2.1877
2.5993
2.0362
2.2335
2.3759
2.3504
2.2785
2.3493
2.2375
2.5637
1.8513
2.6268
1.8362
2.7082
1.938
2.0939
2.6338
1.7739
0.015957
0
0
0
0
2.9996
4
2
4.0002
3.0001
3.9999
1.0002
3.0001
4.9999
2.0001
4
3.0001
2.9999
4.0001
2.9999
3.0001
2.9999
3.0001
2
4.0001
3.0001
5.9999
3
3
2.0001
4
2.9999
5
5
2
3
4
5
3
1
6
2
6
1
3
4
4
4
3
3
5
1
5.1527
4.7512
2.0315
4.1668
2.1751
2.0671
4.2909
2.1896
5.1864
1.6173
3.5698
2.1222
3.5397
3.5305
2.8829
4.3963
3.6798
2.2933
3.5841
3.0118
2.2784
5.1428
1.8647
4.3549
2.3151
3.755
2.6558
4.4769
1.7354
2.3736
1.7196
2.2489
2.6866
2.5919
2.9499
1.6921
3.1888
2.4965
2.7315
2.631
1.7061
2.2713
2.6923
2.3539
2.5942
1.2936
2.4347
2.2109
2.2488
2.7473
0.90528
2.0125
2.2128
2.1325
2.3315
0.76284
2.1935
1.7723
2.0235
1.8218
1.8368
1.4094
1.8048
1.6008
1.6397
1.8185
1.3893
1.4707
1.5251
1.6747
1.4705
1.1053
1.3922
1.9256
1.2969
1.4201
1.1791
1.436
1.2648
1.3089
1.3916
0.9405
1.1267
1.5875
0.98912
1.4534
0.77819
1.1682
1.2943
1.1948
1.3088
1.103
1.0101
1.5399
1.013
1.354
1.1356
1.2799
1.4465
1.0339
1.4606
1.2158
1.2367
1.3063
1.3452
1.3239
1.194
0.98877
1.0525
0.83493
0.97173
1.2094
0.89673
1.1513
1.0059
0.92989
1.1235
0.93519
1.1896
0.88918
0.97279
1.1735
1.1154
0.36427
0.75547
1.083
1.1329
0.96769
0.53187
1.0788
0.94898
1.1616
1.183
0.6993
0.99343
1.1892
1.2173
1.4383
0.6814
1.5139
1.4693
1.3956
1.6753
0.83996
1.6372
1.5159
1.5086
1.8437
0.78245
0.97902
0.77664
0.95975
0.71572
0.81129
1.0241
1.2934
0.87781
1.0481
0.87091
1.0587
1.1589
1.3438
1.1935
1.1813
1.0787
1.4569
1.6393
2.7118
1.1396
2.4497
0.21301
0.67174
0.33716
0.73913
0.24407
0.54833
0.27582
0.24333
0.27011
0.56117
0.32492
0.35864
0.30798
0.4157
0.25191
0.55785
0.31923
0.45762
0.33125
0.43746
0.20842
0.27239
0.29552
0.47863
0.26623
0.29048
0.2798
0.49626
0.26527
0.33277
0.29426
0.46882
0.27731
0.7431
0.28355
0.503
0.23543
0.24441
0.28408
0.51662
0.30056
0.44766
0.3527
0.72577
0.32623
0.35317
0.59012
0.54958
0.31766
0.38575
0.31282
0.47599
0.26667
0.40631
0.35921
0.49646
0.28094
0.37793
0.33199
0.49317
0.2992
0.36527
0.32713
0.75084
0.30536
0.45179
0.34576
0.5298
0.24349
0.22805
0.31377
0.51989
0.31582
0.37382
0.32931
0.49436
0.30788
0.41539
0.3195
0.49606
0.29123
0.35314
0.32624
0.50384
0.31026
0.36818
0.33695
0.28625
0.23947
0.35618
1.7056
0.51437
0.28908
0.5898
0.26475
0.4673
0.29058
0.35153
0.31135
0.40001
0.24246
0.41241
0.34412
0.46472
0.34555
0.39069
0.44519
0.60021
0.59807
0.66996
0.87077
1.2235
1.8479
3.2073
7.3914
62.063
68.26
0.68352
1.1103
1.1415
0.77055
1.1173
1.0064
1.3017
0.86784
1.1345
1.1673
0.87463
0.99115
0.47248
0.42582
0.96487
0.34084
1.0131
1.0234
0.4063
0.9488
0.92136
1.2888
0.39253
0.97672
1.1189
0.39771
1.2013
0.28228
0.4186
1.5672
0.64741
1.5095
1.3522
1.062
1.5403
1.3607
1.7983
1.2552
1.464
1.9414
1.4345
2.1107
1.5239
2.2324
2.8145
1.4468
3.4065
0.24725
0.24876
0.28527
0.61666
0.41542
0.4327
0.3679
0.564
0.35129
0.43951
0.31554
0.51812
0.30957
0.29942
0.31724
0.55122
0.31381
0.35524
0.34381
0.74847
0.36481
0.52534
0.42559
0.78944
0.66007
0.32209
0.38518
0.58127
0.35455
0.35185
0.36444
0.61219
0.41697
0.4731
0.3997
0.50268
0.37641
0.51247
0.42391
0.56915
0.39581
0.43387
0.45717
0.6413
0.46147
0.59136
0.51803
0.62411
0.49694
0.83734
0.51075
0.68405
0.54161
0.5567
0.53086
0.67375
0.52682
0.5878
0.57495
0.64807
0.52431
0.59674
0.53987
0.68503
0.5763
0.60208
0.60256
0.7186
0.61572
0.72173
0.67464
0.72759
0.68833
0.75286
0.7696
0.83026
0.76166
0.77353
0.80172
1.1125
0.87829
0.85425
0.78663
0.80243
0.70497
0.80061
0.78809
0.83607
0.73921
0.74952
0.77032
0.84506
0.81958
0.8912
0.91961
0.99831
117.29
0.93434
1.1948
0.99617
1.0309
0.91881
1.0527
1.0674
1.0743
1.1598
1.0039
1.0864
0.8897
1.378
0.92758
1.0909
1.0191
0.9261
1.133
0.97129
1.5261
1.6992
1.5609
1.416
1.2358
1.2021
1.0398
1.1236
0.91215
1.1295
1.0305
1.09
0.98969
1.0507
1.1394
1.207
1.0535
1.2446
1.0742
1.2076
0.95724
1.2469
1.1653
1.4255
1.0794
1.0491
1.1465
1.1738
0.99843
1.0825
0.93831
1.0909
0.88686
1.1194
0.99029
1.048
0.89972
0.91196
0.98832
1.0971
0.94219
1.0069
0.89735
1.0176
0.99237
1.3133
1.1693
1.1263
0.98526
0.99919
1.0123
1.0245
1.2033
1.2717
1.153
1.0165
1.2597
1.2074
1.1237
1.2786
1.0541
1.0275
0.98193
1.0772
1.0001
1.0927
0.91454
1.0511
0.99944
0.9118
0.91735
1.3974
1.37
1.2324
1.1496
1.182
1.0204
1.2122
1.6473
1.5877
2.2144
2.5207
2.5858
2.7015
2.4972
2.5649
2.5512
2.4333
1.6555
1.2621
1.1335
1.2318
1.273
1.3277
1.3748
1.2197
1.4884
2.257
2.5769
3.8216
4.4633
4.2757
3.7848
3.1726
2.9425
3.1564
3.0043
1.6144
1.641
1.6078
1.5699
1.4007
1.486
1.9913
1.8859
1.9915
2.9269
3.7151
4.3234
4.6075
4.9008
5.067
5.1528
5.1686
5.1838
4.8575
4.6178
4.2885
4.0298
3.8569
3.7173
3.5862
3.8121
3.184
4.0929
4.591
4.6934
4.466
4.5045
4.126
4.3593
4.6384
4.6286
4.8049
4.0471
3.9518
3.5155
3.8993
4.5937
5.4949
5.7964
6.0765
6.1786
6.0546
6.1017
5.8641
5.3759
5.1619
4.4793
3.9642
3.8079
3.8733
3.7652
4.0815
4.4496
4.1766
4.1777
4.1639
4.7587
4.872
4.8457
4.7128
4.6405
4.7597
4.2454
4.1911
4.0637
4.3791
5.1339
6.1583
6.8517
7.6735
6.1627
5.5329
5.6308
5.6812
5.7921
6.0603
6.0596
6.0305
5.9544
5.9781
5.5826
5.568
5.4165
5.3497
5.406
5.5548
6.0657
6.7311
7.1966
7.7541
8.1464
8.6818
8.7884
9.0335
9.0493
8.8633
8.413
7.8216
7.387
7.0077
6.693
6.4582
6.4744
6.3731
6.2805
6.2052
6.2405
6.0563
5.8778
5.6815
5.3472
5.2458
5.0355
4.7904
4.756
4.5769
4.4159
4.3872
5.0101
5.0044
5.3693
5.4481
4.9721
4.4864
3.8311
3.4233
3.464
3.3132
2.7849
3.0124
3.2346
3.2115
7.1996
8.3975
7.9171
8.7889
8.3995
8.1036
8.9525
8.2281
8.4505
8.4026
8.7476
8.798
8.0068
8.6777
7.6722
8.1939
7.4011
7.9572
7.5573
7.283
7.8544
7.5834
7.5396
7.8823
0
0
0
0
0
0
0
0
0
0
0
0
0
0
0
0
0
0
0
0
0
0
0
0
0
0
0
0
0
0
0
0
0
0
0
0
0
0
0
0
0
0
0
0
0
0
0
0
0
0
0
0
0
0
0
0
0
0
0
0
0
0
0
0
0
0
0
0
0
0
0
0
0
0
0
0
0
0
0
0
0
0
0
0
0
0
0
0
0
0
0
0
0
0
0
0
0
0
0
0
0
0
0
0
0
0
0
0
0
0
0
0
0
0
0
0
0
0
0
0
0
0
0
0
0
0
0.010623
155.01
9.1289
8.6958
9.4648
9.5561
9.3
9.2468
9.4446
9.522
8.9753
8.9241
9.0727
9.1736
9.0808
9.2831
8.7339
8.8209
9.292
10.06
8.8192
8.8944
9.0685
8.8819
8.8998
8.9632
10.382
9.3413
8.9419
9.2689
9.7971
9.0816
8.8265
9.4077
8.6147
8.9688
8.7632
9.2469
10.244
9.2957
10.667
9.1069
9.2134
8.9591
8.6783
8.6622
9.0077
8.5177
8.8015
10.032
8.1554
9.6386
8.5775
8.4884
8.9397
8.9748
8.9452
8.8943
8.6288
8.5116
8.5593
8.3763
8.5552
8.4668
8.8841
9.9126
9.3394
8.0461
8.3606
8.3712
8.2827
8.2267
8.1584
10.242
8.6078
8.948
9.0427
8.0984
9.9963
9.438
7.8679
8.6265
9.0055
8.1427
9.6801
8.3159
8.0244
7.931
9.0259
8.0053
8.392
8.1227
8.8683
8.8672
8.5548
7.9484
8.2497
8.5678
46.529
20.029
45.77
44.701
17.863
50.827
61.972
42.577
41.39
43.428
47.558
52.614
71.812
56.974
62.236
57.262
61.142
52.23
53.454
49.459
49.965
40.529
40.528
79.487
84.276
44.594
51.732
61.881
69.946
78.496
75.795
133.68
105.72
105.72
80.289
80.289
0
0
0
