0.67921
0.67923
0.6779
0.67637
0.67376
0.66955
0.66597
0.66276
0.66038
0.65934
0.658
0.6568
0.65533
0.65324
0.64953
0.64589
0.63983
0.63291
0.62651
0.61984
0.61265
0.60569
0.60163
0.59593
0.59013
0.58381
0.57813
0.5718
0.56733
0.56219
0.55837
0.55435
0.57799
0.60026
0.62226
0.64252
0.6384
0.63302
0.62813
0.62201
0.61665
0.63173
0.62568
0.63963
0.63358
0.62696
0.62046
0.61266
0.60634
0.61755
0.61118
0.62121
0.61419
0.60615
0.59931
0.59145
0.58475
0.57714
0.57035
0.56262
0.5713
0.57801
0.58522
0.57825
0.5808
0.57133
0.56024
0.54927
0.53696
0.52466
0.51137
0.49918
0.48684
0.47505
0.47331
0.46106
0.45876
0.44703
0.44341
0.42953
0.42336
0.41684
0.41095
0.40275
0.39471
0.37875
0.36283
0.34646
0.33097
0.32084
0.32095
0.30876
0.31572
0.32026
0.31098
0.30068
0.29133
0.27938
0.2757
0.28079
0.28019
0.28649
0.27577
0.2656
0.25673
0.24382
0.24148
0.2362
0.23298
0.22011
0.2196
0.20692
0.20386
0.19106
0.19161
0.18914
0.19047
0.19034
0.19538
0.18858
0.18591
0.18058
0.17725
0.1805
0.18999
0.19833
0.20898
0.21465
0.20898
0.22088
0.22738
0.23401
0.22768
0.22186
0.21485
0.20866
0.21672
0.22452
0.23588
0.2457
0.24193
0.23932
0.23555
0.23264
0.23073
0.23669
0.23677
0.24543
0.24383
0.24269
0.23987
0.23985
0.23996
0.23944
0.23828
0.23871
0.25175
0.26117
0.27805
0.29052
0.29093
0.28933
0.29105
0.28994
0.29038
0.28821
0.28958
0.28869
0.28838
0.28705
0.28799
0.28717
0.28758
0.28639
0.28757
0.28643
0.2863
0.28537
0.28552
0.28501
0.28505
0.28421
0.28458
0.2843
0.28366
0.2827
0.28328
0.2827
0.28281
0.28217
0.28262
0.28226
0.28237
0.28141
0.28176
0.28141
0.2814
0.28074
0.28213
0.28157
0.28176
0.28151
0.28254
0.28196
0.28194
0.28141
0.2822
0.28215
0.28249
0.28224
0.28298
0.28269
0.28287
0.28255
0.28343
0.28365
0.28484
0.28637
0.29185
0.29775
0.3022
0.30758
0.31162
0.31245
0.31234
0.31403
0.314
0.31423
0.31418
0.31496
0.31482
0.31522
0.31501
0.3154
0.31555
0.31603
0.31609
0.31779
0.31889
0.3196
0.31989
0.32142
0.32175
0.32252
0.32255
0.32297
0.32389
0.32328
0.32458
0.32416
0.32502
0.32476
0.3262
0.32563
0.32597
0.32518
0.32575
0.32445
0.32533
0.3249
0.32531
0.32454
0.32412
0.32182
0.32159
0.32047
0.32052
0.31954
0.32029
0.32047
0.32333
0.32595
0.33025
0.33434
0.34068
0.34661
0.35539
0.36228
0.3701
0.37607
0.38141
0.38572
0.39218
0.39784
0.40539
0.41224
0.42013
0.4294
0.43872
0.44771
0.45702
0.46738
0.4757
0.46316
0.46137
0.46269
0.46638
0.46908
0.449
0.44709
0.42372
0.43018
0.45386
0.48427
0.50753
0.5328
0.55341
0.5537
0.54231
0.50732
0.44932
0.36178
0.31451
0.27207
0.24212
0.21458
0.20479
0.21266
0.24039
0.27018
0.29755
0.32775
0.39378
0.47709
0.54934
0.59299
0.64164
0.65445
0.61996
0.61236
0.60506
0.60493
0.60468
0.60394
0.58265
0.58199
0.56064
0.56013
0.53857
0.53859
0.50968
0.41537
0.41383
0.41069
0.40952
0.40629
0.40668
0.40563
0.406
0.40482
0.40642
0.40572
0.40666
0.40457
0.40623
0.40558
0.40636
0.4049
0.40623
0.40693
0.40916
0.40903
0.41229
0.41216
0.41386
0.41305
0.41561
0.4152
0.41602
0.41529
0.41777
0.41718
0.41852
0.41725
0.41793
0.41685
0.41723
0.41546
0.41688
0.41556
0.41576
0.41394
0.41564
0.41395
0.414
0.41163
0.4129
0.41174
0.41216
0.41006
0.41147
0.41022
0.41087
0.40898
0.41049
0.40913
0.40976
0.40771
0.40893
0.40782
0.4082
0.40595
0.40721
0.40589
0.40622
0.40376
0.40509
0.40382
0.40449
0.40248
0.40393
0.40253
0.40303
0.40047
0.40198
0.40054
0.40004
0.39699
0.39716
0.39426
0.39326
0.38965
0.38923
0.38582
0.38402
0.37928
0.37701
0.37354
0.37073
0.36755
0.36789
0.36617
0.36592
0.36403
0.36364
0.36192
0.362
0.36081
0.40748
0.4083
0.40832
0.40865
0.4083
0.40863
0.4088
0.4092
0.40879
0.40939
0.40934
0.40916
0.39312
0.39291
0.37718
0.37753
0.37722
0.37758
0.37804
0.37808
0.37776
0.37793
0.37796
0.37794
0.37755
0.37789
0.37776
0.37801
0.37776
0.37775
0.37778
0.37787
0.37746
0.37766
0.37777
0.37773
0.37769
0.37699
0.36938
0.34553
0.32511
0.30676
0.26878
0.22775
0.19403
0.1703
0.1537
0.15856
0.15823
0.14584
0.16336
0.20951
0.25028
0.31236
0.36396
0.42636
0.4638
0.50248
0.54864
0.57017
0.56508
0.56602
0.56003
0.57275
0.56976
0.57429
0.56869
0.5837
0.58186
0.59354
0.59121
0.59892
0.58843
0.58558
0.56786
0.55277
0.5283
0.52645
0.50474
0.49749
0.47846
0.45933
0.45137
0.43587
0.418
0.39854
0.38225
0.37683
0.36179
0.36181
0.3454
0.34561
0.34535
0.34532
0.34506
0.34466
0.34504
0.34481
0.34256
0.33379
0.33801
0.32867
0.30916
0.31885
0.33453
0.2993
0.30024
0.3261
0.36059
0.38552
0.39644
0.4023
0.40823
0.40791
0.40832
0.40796
0.40839
0.40845
0.40869
0.40854
0.40962
0.41036
0.4114
0.41125
0.24338
0.24403
0.24509
0.24406
0.24534
0.2441
0.24485
0.24345
0.24387
0.24293
0.24457
0.24335
0.24447
0.24379
0.24636
0.247
0.25124
0.25191
0.25535
0.25507
0.25909
0.25885
0.26055
0.25997
0.26272
0.26252
0.26297
0.26137
0.26294
0.26237
0.2632
0.26164
0.26361
0.26329
0.26424
0.26274
0.26431
0.26358
0.26394
0.26196
0.26366
0.26311
0.26337
0.2617
0.26298
0.26168
0.26186
0.25948
0.26036
0.25923
0.25959
0.2578
0.25946
0.2595
0.26154
0.26248
0.2759
0.27957
0.29499
0.29635
0.29885
0.30019
0.30088
0.29987
0.30116
0.3011
0.30135
0.30065
0.30235
0.30302
0.30397
0.30362
0.30516
0.30536
0.30584
0.30495
0.3064
0.30639
0.30683
0.30571
0.30693
0.3067
0.30668
0.30557
0.30691
0.30727
0.3077
0.30686
0.30842
0.3087
0.30911
0.30795
0.3088
0.30831
0.30843
0.30768
0.30888
0.30887
0.30867
0.30754
0.30853
0.30834
0.30853
0.30727
0.30803
0.30785
0.30821
0.30694
0.30759
0.30691
0.30662
0.30574
0.30699
0.30708
0.30757
0.3068
0.30792
0.30814
0.30873
0.30782
0.30906
0.30904
0.30938
0.30878
0.30992
0.30999
0.31027
0.30962
0.31028
0.31023
0.31034
0.30958
0.31079
0.31089
0.31094
0.30995
0.31088
0.31056
0.31036
0.30903
0.30912
0.30924
0.30894
0.35093
0.34431
0.34852
0.32965
0.31493
0.28365
0.27606
0.26637
0.25445
0.23364
0.22558
0.22264
0.22667
0.22984
0.23875
0.24479
0.22936
0.21696
0.20343
0.19975
0.22346
0.22946
0.25135
0.25629
0.26073
0.27792
0.29156
0.30095
0.3042
0.30102
0.30146
0.30628
0.31274
0.32411
0.33266
0.2981
0.28071
0.25855
0.23039
0.19892
0.17802
0.16349
0.15235
0.14312
0.14076
0.13757
0.15659
0.16653
0.18002
0.18913
0.20017
0.21325
0.22532
0.23831
0.24088
0.24393
0.24791
0.24563
0.23933
0.23069
0.2214
0.21656
0.21568
0.21377
0.21099
0.23093
0.25477
0.41175
0.4123
0.41249
0.41275
0.41279
0.41325
0.41371
0.41396
0.41382
0.41493
0.41549
0.41571
0.41543
0.41637
0.41669
0.41682
0.41644
0.41696
0.41716
0.41719
0.41671
0.41695
0.417
0.4171
0.4171
0.41791
0.41881
0.41953
0.41963
0.42045
0.42064
0.42118
0.42098
0.42171
0.42193
0.42212
0.42211
0.4228
0.4231
0.42342
0.42345
0.42386
0.50295
0.51513
0.51969
0.5133
0.51075
0.50913
0.52005
0.55043
0.57103
0.56706
0.55102
0.54296
0.54036
0.54166
0.53388
0.52735
0.52048
0.50721
0.4885
0.48839
0.47875
0.4807
0.48305
0.48066
0.47381
0.47842
0.47193
0.48288
0.47162
0.46918
0.44928
0.41685
0.38845
0.3575
0.33242
0.31553
0.29116
0.27728
0.26437
0.25225
0.24355
0.23425
0.21783
0.20187
0.18692
0.18324
0.21312
0.2722
0.31926
0.38289
0.39849
0.4081
0.41576
0.42804
0.44066
0.46403
0.48992
0.51378
0.5345
0.5558
0.57536
0.59551
0.61872
0.64233
0.66661
0.69345
0.70384
0.73086
0.74076
0.76655
0.76879
0.52756
0.52805
0.52782
0.52802
0.52759
0.52822
0.52754
0.52765
0.52746
0.54502
0.55982
0.57821
0.59397
0.59547
0.59609
0.59602
0.59688
0.59635
0.59652
0.59631
0.59683
0.5967
0.59683
0.5964
0.59613
0.59627
0.59606
0.59655
0.59639
0.59655
0.59596
0.59629
0.59603
0.59622
0.59603
0.59644
0.596
0.59604
0.59571
0.59608
0.59595
0.59598
0.59573
0.59594
0.59578
0.59584
0.59566
0.59568
0.59541
0.59546
0.59529
0.59541
0.59546
0.59552
0.59541
0.59542
0.5954
0.4165
0.41694
0.41637
0.41646
0.41651
0.41696
0.41658
0.4167
0.41593
0.41583
0.41507
0.41423
0.41381
0.41457
0.41425
0.41415
0.41353
0.41392
0.41404
0.41372
0.41304
0.41314
0.41295
0.41258
0.41163
0.41195
0.41213
0.41285
0.41285
0.41381
0.41364
0.41404
0.41356
0.41438
0.41429
0.41453
0.41416
0.41426
0.41363
0.41364
0.41326
0.41385
0.41335
0.41357
0.41356
0.41462
0.414
0.41364
0.41319
0.4145
0.4151
0.41597
0.41625
0.41699
0.41744
0.41777
0.4179
0.41853
0.41886
0.41944
0.41936
0.41995
0.41958
0.41953
0.41886
0.41891
0.41904
0.42024
0.42071
0.42175
0.42205
0.42232
0.42261
0.42383
0.42414
0.4242
0.42382
0.42486
0.42555
0.42657
0.42721
0.42889
0.43006
0.43064
0.42986
0.53095
0.53316
0.53125
0.5279
0.52345
0.51884
0.51647
0.51273
0.50537
0.50499
0.50419
0.50825
0.50835
0.51622
0.53072
0.54675
0.56094
0.57253
0.5741
0.56115
0.55158
0.54864
0.55068
0.56198
0.56973
0.57392
0.57273
0.56834
0.56869
0.57242
0.57645
0.58028
0.57312
0.55629
0.5418
0.53644
0.53796
0.53524
0.52923
0.53077
0.52846
0.52568
0.51961
0.51903
0.52236
0.52889
0.53159
0.53466
0.54245
0.55533
0.5655
0.57333
0.57722
0.57863
0.57559
0.56707
0.55694
0.54877
0.54184
0.45543
0.45874
0.46146
0.46321
0.46492
0.4681
0.47118
0.47395
0.47293
0.47325
0.47411
0.47653
0.47777
0.48093
0.48392
0.48695
0.48944
0.49152
0.48942
0.48686
0.48373
0.48185
0.47962
0.47875
0.47819
0.47909
0.47844
0.47816
0.47815
0.56462
0.56469
0.58402
0.56273
0.56384
0.56529
0.56483
0.56895
0.56258
0.56684
0.55595
0.56814
0.56681
0.55955
0.56419
0.56338
0.56279
0.56282
0.56396
0.56424
0.56341
0.56374
0.56346
0.56338
0.56311
0.56364
0.56347
0.56339
0.56292
0.56306
0.56281
0.56266
0.56248
0.56334
0.56388
0.56353
0.56206
0.5612
0.56043
0.41146
0.40757
0.40451
0.40289
0.40139
0.40083
0.40021
0.39999
0.39962
0.39974
0.4002
0.39963
0.40035
0.40034
0.40219
0.40458
0.40833
0.41116
0.41393
0.41546
0.41722
0.41835
0.4191
0.4193
0.41995
0.42017
0.42051
0.42089
0.42229
0.42258
0.42327
0.42329
0.42417
0.4243
0.42439
0.42357
0.42325
0.42256
0.42248
0.42251
0.42298
0.42286
0.42324
0.42322
0.4232
0.42266
0.42227
0.4216
0.42139
0.42142
0.42183
0.42218
0.56477
0.56503
0.56494
0.56494
0.56447
0.56506
0.56433
0.56432
0.56408
0.56471
0.56421
0.56424
0.56373
0.56374
0.56374
0.56353
0.56342
0.56385
0.5637
0.56361
0.56367
0.56392
0.5639
0.56623
0.56995
0.5701
0.56956
0.56846
0.56671
0.56377
0.55893
0.55301
0.54461
0.53699
0.53295
0.5268
0.51839
0.51255
0.50893
0.50981
0.50038
0.49279
0.495
0.49207
0.49213
0.49196
0.49209
0.49054
0.48957
0.48693
0.48715
0.486
0.48614
0.48386
0.48433
0.48295
0.48337
0.48472
0.48969
0.49163
0.49644
0.50189
0.51007
0.50943
0.51118
0.50848
0.51604
0.52086
0.54971
0.55914
0.58876
0.59268
0.59729
0.59929
0.60259
0.60411
0.60715
0.60992
0.61231
0.61297
0.61547
0.61702
0.6193
0.62
0.62189
0.62281
0.62469
0.62456
0.62593
0.63028
0.71277
0.76323
0.78839
0.80051
0.8057
0.80371
0.79893
0.78048
0.77304
0.75261
0.74237
0.71778
0.69311
0.66901
0.64822
0.62861
0.62908
0.61797
0.62201
0.63103
0.64282
0.65507
0.66424
0.65652
0.66156
0.65149
0.65667
0.6603
0.66424
0.66719
0.67052
0.67237
0.67345
0.67316
0.67333
0.67212
0.65539
0.6539
0.63382
0.63154
0.63068
0.62867
0.62759
0.6245
0.62272
0.61947
0.61601
0.61227
0.66231
0.66306
0.66411
0.66477
0.66553
0.66318
0.66245
0.66088
0.66314
0.66496
0.66632
0.66635
0.66827
0.66723
0.66721
0.66657
0.66875
0.66852
0.66927
0.66829
0.66867
0.66898
0.67012
0.66994
0.67089
0.67048
0.66916
0.66756
0.66877
0.6682
0.66795
0.66612
0.66752
0.66688
0.66732
0.66613
0.66659
0.66583
0.66694
0.66455
0.66538
0.66518
0.66549
0.6631
0.66456
0.66569
0.66661
0.66765
0.66942
0.66827
0.66931
0.66836
0.66915
0.66985
0.67216
0.67165
0.67368
0.67396
0.67437
0.67383
0.67397
0.67352
0.67341
0.67296
0.67518
0.67459
0.6739
0.67426
0.67579
0.67546
0.67543
0.67351
0.67474
0.67528
0.67634
0.67576
0.67638
0.67527
0.67532
0.67446
0.67448
0.67238
0.67379
0.67416
0.67459
0.67359
0.67537
0.67317
0.67805
0.68719
0.70235
0.72151
0.73609
0.72115
0.69328
0.68473
0.67266
0.58885
0.55193
0.54876
0.62443
0.67058
0.71263
0.78873
0.89521
0.99422
0.99893
0.99935
0.99894
0.99893
0.99836
0.99835
0.99722
0.99461
0.9876
0.97742
0.96459
0.94999
0.94996
0.91529
0.89716
0.87629
0.87625
0.85614
0.85611
0.83354
0.83389
0.80857
0.809
0.80822
0.55659
0.56139
0.56445
0.56299
0.56582
0.56839
0.56419
0.56319
0.56011
0.55892
0.56082
0.56326
0.56543
0.57236
0.57999
0.58657
0.59393
0.60096
0.60849
0.597
0.59905
0.58532
0.5866
0.58255
0.57922
0.58424
0.57966
0.57917
0.58322
0.57891
0.57646
0.58237
0.58398
0.585
0.59177
0.5928
0.5966
0.60165
0.6024
0.58016
0.57522
0.55047
0.54783
0.54042
0.52748
0.51571
0.51166
0.50936
0.51201
0.5145
0.51978
0.52628
0.53067
0.5326
0.52773
0.51817
0.50176
0.48432
0.46883
0.45663
0.44656
0.43777
0.43243
0.43095
0.42923
0.42635
0.42472
0.42348
0.42033
0.41911
0.41346
0.41236
0.41199
0.41303
0.40896
0.40079
0.39862
0.39895
0.39869
0.4024
0.42123
0.42557
0.45346
0.46281
0.46636
0.47209
0.4696
0.46712
0.46777
0.46594
0.46194
0.46159
0.46178
0.46661
0.47321
0.47948
0.48916
0.49947
0.5063
0.51184
0.51287
0.51085
0.50822
0.50027
0.49259
0.48264
0.47807
0.47711
0.48417
0.48655
0.49038
0.49362
0.50174
0.50719
0.51201
0.51339
0.51083
0.50306
0.50243
0.4983
0.48952
0.47851
0.48645
0.48109
0.47739
0.48132
0.48189
0.48529
0.48725
0.49159
0.49079
0.489
0.4854
0.48425
0.47991
0.47587
0.48071
0.48487
0.49296
0.49789
0.5223
0.53443
0.56124
0.56797
0.57461
0.57803
0.57401
0.56618
0.56208
0.55837
0.55602
0.55265
0.55179
0.55241
0.55434
0.55612
0.55812
0.55644
0.55704
0.56011
0.55957
0.55042
0.54686
0.54609
0.5429
0.53843
0.53413
0.5785
0.58022
0.57941
0.58013
0.57881
0.58039
0.57971
0.58057
0.57905
0.5808
0.5802
0.58102
0.57974
0.58123
0.58026
0.58058
0.57892
0.58014
0.57926
0.58019
0.5788
0.58065
0.58001
0.58063
0.57918
0.58076
0.58017
0.58102
0.57968
0.58153
0.58112
0.58211
0.58088
0.58279
0.58215
0.58293
0.58172
0.5829
0.58189
0.58225
0.58075
0.58205
0.58155
0.58237
0.58115
0.58261
0.58194
0.5825
0.58118
0.58229
0.58151
0.58248
0.5815
0.58222
0.3396
0.33874
0.33465
0.33078
0.32528
0.32233
0.31714
0.31409
0.31255
0.31422
0.31548
0.31991
0.32141
0.32313
0.32247
0.32287
0.32059
0.31964
0.31638
0.31251
0.30623
0.30223
0.29935
0.29712
0.29559
0.30033
0.30452
0.31187
0.31675
0.32137
0.32443
0.32689
0.32598
0.32538
0.32032
0.31499
0.30785
0.30247
0.29637
0.29419
0.29147
0.29391
0.29773
0.3047
0.3096
0.31485
0.31623
0.318
0.31834
0.31941
0.31736
0.31519
0.31209
0.30788
0.30153
0.30454
0.30466
0.30807
0.31332
0.3209
0.32929
0.3376
0.34256
0.34742
0.34917
0.34899
0.34391
0.3363
0.32837
0.32038
0.31311
0.30894
0.30641
0.30826
0.31099
0.31499
0.32178
0.33025
0.33521
0.33875
0.34003
0.34033
0.33772
0.33398
0.32829
0.32273
0.31384
0.30835
0.30668
0.30734
0.31077
0.31746
0.32658
0.32997
0.33292
0.34548
0.35065
0.35659
0.36023
0.36152
0.35982
0.36074
0.35909
0.35619
0.35384
0.35265
0.35154
0.35299
0.35326
0.35407
0.35735
0.35877
0.36111
0.36439
0.36619
0.37025
0.37452
0.37456
0.37708
0.38344
0.37885
0.37943
0.37893
0.37875
0.37611
0.37169
0.36112
0.35033
0.34194
0.3326
0.32021
0.31672
0.49475
0.50044
0.4938
0.48491
0.47855
0.47401
0.46535
0.46081
0.46146
0.46324
0.4714
0.48539
0.50208
0.51778
0.52831
0.53351
0.53163
0.52267
0.51216
0.50169
0.48576
0.47147
0.46209
0.45887
0.46127
0.46595
0.46812
0.48011
0.48773
0.4937
0.4926
0.48477
0.47358
0.46354
0.45117
0.44391
0.43693
0.4342
0.44326
0.44685
0.44503
0.4521
0.46223
0.47113
0.4759
0.47834
0.47832
0.47246
0.4624
0.45527
0.44789
0.44246
0.44169
0.45159
0.46042
0.46763
0.47821
0.48614
0.49385
0.4998
0.49715
0.49023
0.47998
0.47467
0.46972
0.46068
0.54234
0.54479
0.54589
0.54645
0.54521
0.5437
0.53979
0.535
0.52966
0.52658
0.52303
0.52237
0.5215
0.52188
0.52176
0.52184
0.5211
0.51865
0.51252
0.50691
0.50037
0.49438
0.48752
0.48079
0.47233
0.46286
0.44973
0.43354
0.41857
0.40318
0.38646
0.3755
0.36768
0.36616
0.37763
0.3942
0.4092
0.42529
0.43967
0.42865
0.5155
0.52261
0.52765
0.53225
0.53674
0.54268
0.54553
0.5478
0.5477
0.54815
0.5468
0.54538
0.54433
0.54485
0.54503
0.54571
0.54335
0.53876
0.5235
0.51692
0.50541
0.50302
0.50014
0.49856
0.49647
0.49607
0.49567
0.49639
0.49631
0.49655
0.49659
0.49772
0.49857
0.49946
0.49953
0.50066
0.50084
0.50076
0.49997
0.49922
0.49712
0.49476
0.48241
0.4787
0.46891
0.46781
0.46681
0.46645
0.46545
0.46477
0.46298
0.46144
0.45941
0.45566
0.44419
0.43934
0.42867
0.42838
0.42806
0.42821
0.42765
0.42535
0.42103
0.41825
0.41617
0.41592
0.41519
0.41453
0.41367
0.41325
0.41177
0.47938
0.47992
0.48027
0.48048
0.48026
0.48132
0.48253
0.48397
0.4853
0.48735
0.48936
0.49125
0.49247
0.49409
0.49573
0.49692
0.49771
0.49921
0.49986
0.50091
0.50128
0.50282
0.5035
0.50441
0.50473
0.50573
0.50658
0.50788
0.50878
0.51033
0.51117
0.51261
0.51322
0.51468
0.51541
0.51688
0.5175
0.51912
0.52038
0.52203
0.52307
0.52486
0.52602
0.52776
0.52886
0.53093
0.53193
0.53312
0.53367
0.53468
0.53488
0.53471
0.53422
0.53443
0.53388
0.53356
0.53229
0.53164
0.53035
0.52904
0.52693
0.52541
0.52372
0.52203
0.51953
0.51812
0.51628
0.51513
0.51281
0.51183
0.51022
0.50904
0.50745
0.50652
0.50529
0.50411
0.50251
0.50177
0.5007
0.49989
0.49866
0.49836
0.49738
0.497
0.49593
0.49607
0.49534
0.49527
0.49416
0.4942
0.49393
0.49374
0.49362
0.49426
0.49423
0.49461
0.49426
0.49486
0.49506
0.4955
0.49539
0.49591
0.49624
0.49668
0.49667
0.49742
0.49741
0.49792
0.4974
0.49792
0.49787
0.4978
0.4973
0.49775
0.49757
0.49774
0.49748
0.4981
0.49789
0.49802
0.49753
0.49764
0.49756
0.49765
0.49697
0.49732
0.4971
0.49715
0.49669
0.4969
0.49648
0.49658
0.49624
0.49662
0.49654
0.49704
0.49681
0.44415
0.445
0.4448
0.4451
0.44501
0.44627
0.44634
0.44691
0.44668
0.44785
0.44819
0.44889
0.44811
0.44841
0.44776
0.44733
0.44612
0.44628
0.44597
0.44636
0.44577
0.44663
0.44665
0.44694
0.44674
0.44767
0.44813
0.44941
0.45043
0.4526
0.45457
0.45726
0.45879
0.44769
0.4486
0.43513
0.43581
0.43709
0.43758
0.4382
0.43792
0.43856
0.4385
0.43838
0.43611
0.43537
0.43364
0.43135
0.42809
0.42637
0.42383
0.42107
0.41704
0.41333
0.40923
0.40549
0.40108
0.39806
0.39534
0.39383
0.39162
0.39036
0.38865
0.38829
0.38732
0.38744
0.38639
0.3854
0.38388
0.38363
0.38278
0.38288
0.38242
0.38299
0.38263
0.38237
0.38106
0.37861
0.38656
0.38201
0.39006
0.38688
0.38306
0.38009
0.37748
0.37698
0.37602
0.37575
0.37507
0.37546
0.3745
0.37286
0.36839
0.36148
0.3541
0.34782
0.34088
0.3354
0.33034
0.32807
0.32728
0.34157
0.35589
0.3732
0.39048
0.39819
0.40509
0.40975
0.41145
0.41638
0.42248
0.42666
0.42847
0.69294
0.69186
0.69008
0.68835
0.6845
0.68579
0.68218
0.67681
0.67389
0.66871
0.6659
0.67422
0.68245
0.68621
0.68782
0.68811
0.68682
0.68622
0.68312
0.67824
0.67462
0.67071
0.66769
0.66442
0.65945
0.65896
0.66427
0.66512
0.66557
0.66347
0.66094
0.65599
0.65195
0.65039
0.64698
0.64458
0.6387
0.63378
0.63187
0.63367
0.6436
0.64743
0.65232
0.6545
0.65539
0.65792
0.65432
0.65009
0.64758
0.64978
0.64931
0.64801
0.64937
0.65638
0.66572
0.67387
0.3074
0.30735
0.30327
0.30311
0.30283
0.29591
0.29553
0.2952
0.28595
0.28608
0.28565
0.27491
0.27463
0.2747
0.25928
0.25859
0.25817
0.23888
0.23846
0.23834
0.21959
0.21956
0.21874
0.21691
0.21672
0.21646
0.22086
0.22076
0.22009
0.20429
0.20381
0.20376
0.16056
0.16054
0.16
0.12593
0.12554
0.12555
0.10076
0.10095
0.1008
0.1028
0.10288
0.10271
0.12442
0.12469
0.12462
0.13941
0.13949
0.13939
0.15096
0.15105
0.1511
0.16074
0.1609
0.16086
0.15895
0.15887
0.15897
0.16602
0.16616
0.16613
0.17452
0.17483
0.17485
0.1849
0.18513
0.18513
0.18735
0.18723
0.18728
0.20091
0.20137
0.20133
0.19818
0.1982
0.19817
0.2091
0.20927
0.20922
0.20914
0.20907
0.20917
0.20732
0.2074
0.20731
0.2047
0.20465
0.43116
0.42255
0.41739
0.4174
0.41651
0.4191
0.42176
0.4251
0.42691
0.43099
0.43288
0.43189
0.43159
0.42645
0.41664
0.41224
0.40915
0.41033
0.41334
0.42039
0.42832
0.43348
0.44276
0.45416
0.46819
0.47798
0.4793
0.47266
0.45737
0.4447
0.43802
0.43118
0.42381
0.42676
0.43567
0.43481
0.44098
0.4541
0.46495
0.47789
0.48735
0.48949
0.48584
0.47762
0.46625
0.45826
0.44713
0.4374
0.42471
0.41581
0.41117
0.41444
0.41826
0.42373
0.43173
0.43826
0.44379
0.4452
0.43578
0.42204
0.40959
0.39838
0.39102
0.39064
0.39553
0.40524
0.41451
0.42728
0.43718
0.44343
0.44265
0.43714
0.42495
0.40603
0.39016
0.38406
0.37655
0.37334
0.37573
0.38207
0.39143
0.40808
0.42443
0.43732
0.44748
0.45428
0.45915
0.46396
0.46681
0.46874
0.46657
0.4587
0.45216
0.45204
0.44751
0.44503
0.44214
0.44013
0.43894
0.4408
0.43923
0.43284
0.42114
0.41037
0.39984
0.38918
0.37974
0.37209
0.36616
0.36318
0.364
0.37011
0.37562
0.38125
0.3812
0.37418
0.37433
0.37398
0.37523
0.37492
0.37283
0.37234
0.3757
0.38439
0.4121
0.42333
0.46904
0.4921
0.51002
0.51309
0.50689
0.50148
0.49161
0.46632
0.45876
0.44334
0.44583
0.45106
0.45926
0.4725
0.48789
0.50239
0.50979
0.50819
0.50311
0.49593
0.48962
0.48407
0.48257
0.4782
0.47667
0.48301
0.48827
0.49276
0.50216
0.50859
0.5137
0.50941
0.37492
0.35594
0.34934
0.34948
0.32685
0.31782
0.31817
0.29592
0.28757
0.28698
0.27829
0.27038
0.2704
0.26664
0.26298
0.26235
0.24713
0.24545
0.24526
0.2311
0.23021
0.22945
0.23067
0.23298
0.23291
0.23341
0.23722
0.23663
0.22498
0.23189
0.23177
0.22523
0.22931
0.22873
0.23338
0.2364
0.23694
0.2405
0.24466
0.24459
0.25027
0.25499
0.25501
0.2606
0.26408
0.26433
0.24876
0.24909
0.2488
0.23269
0.23288
0.23341
0.23689
0.2402
0.23991
0.24001
0.23648
0.2362
0.22941
0.22214
0.22235
0.21755
0.2157
0.21562
0.21625
0.21378
0.21437
0.20952
0.20648
1.217e-06
1.217e-06
1.217e-06
1.217e-06
1.217e-06
1.217e-06
1.217e-06
1.217e-06
1.217e-06
1.217e-06
1.217e-06
1.217e-06
1.217e-06
1.217e-06
1.217e-06
1.217e-06
1.217e-06
1.217e-06
1.217e-06
1.217e-06
1.217e-06
1.217e-06
1.217e-06
1.217e-06
1.217e-06
1.217e-06
1.217e-06
1.217e-06
1.217e-06
1.217e-06
1.217e-06
1.217e-06
0.45785
0.45165
0.45514
0.46324
0.47308
0.48225
0.46489
0.46238
0.45311
0.44742
0.43285
0.42734
0.41095
0.40767
0.39221
0.38965
0.37478
0.36972
0.36496
0.36195
0.35967
0.35816
0.35445
0.35455
0.35473
0.35194
0.3479
0.34471
0.3398
0.33885
0.33861
0.33929
0.34234
0.34601
0.34953
0.35636
0.3605
0.36443
0.36656
0.36728
0.37177
0.3657
0.36294
0.36538
0.36531
0.36908
0.37222
0.37786
0.38479
0.39095
0.39752
0.40011
0.39961
0.39928
0.39525
0.39097
0.38712
0.38322
0.36512
0.36381
0.34963
0.3487
0.34558
0.34068
0.33785
0.33818
0.34125
0.34109
0.34016
0.33672
0.32353
0.32239
0.30968
0.31056
0.31242
0.31352
0.3165
0.31671
0.31751
0.31787
0.31729
0.31544
0.31272
0.30959
0.3069
0.30352
0.30127
0.29919
0.29951
0.30013
0.30113
0.29988
0.30001
0.30035
0.29787
0.297
0.29516
0.29313
0.2914
0.28851
0.28762
0.28813
0.28816
0.28719
0.28619
0.28475
0.28573
0.28828
0.2893
0.2892
0.28826
0.28585
0.28232
0.27785
0.27172
0.27074
0.2678
0.26936
0.27266
0.27324
0.27548
0.27615
0.27305
0.27114
0.26758
0.26517
0.26167
0.26112
0.26191
0.26481
0.26963
0.27754
0.28262
0.28809
0.29152
0.29467
0.2976
0.29949
0.29821
0.29702
0.29518
0.29221
0.29124
0.29214
0.29179
0.29433
0.29643
0.29973
0.30197
0.30528
0.30708
0.30963
0.30803
0.30536
0.30243
0.29944
0.29869
0.29781
0.29556
0.29822
0.29994
0.30348
0.30463
0.30837
0.30853
0.30704
0.28994
0.28434
0.26849
0.2632
0.26055
0.26238
0.26299
0.26617
0.27017
0.27615
0.27782
0.27693
0.27374
0.27071
0.26435
0.25877
0.25133
0.24585
0.23875
0.23775
0.23375
0.22432
0.22572
0.21565
0.2165
0.21776
0.21767
0.21703
0.21504
0.21285
0.2114
0.2105
0.21054
0.21547
0.21826
0.2217
0.22257
0.22436
0.22407
0.22528
0.22479
0.22513
0.22246
0.22214
0.22073
0.21873
0.21726
0.218
0.21844
0.22064
0.22046
0.22116
0.22124
0.22103
0.21899
0.21729
0.21152
0.1956
0.19119
0.1751
0.1709
0.1657
0.16196
0.15935
0.15886
0.15959
0.16256
0.16566
0.16895
0.17192
0.17345
0.17324
0.17573
0.17646
0.17693
0.17701
0.17886
0.18319
0.18978
0.19931
0.20771
0.21735
0.22389
0.31794
0.31918
0.31795
0.31689
0.31622
0.31751
0.31572
0.3151
0.3179
0.31221
0.30428
0.29895
0.29304
0.28833
0.287
0.28264
0.28184
0.28684
0.29343
0.30166
0.31051
0.32039
0.3331
0.34274
0.35055
0.35559
0.36157
0.36523
0.3681
0.36622
0.36543
0.36479
0.36677
0.36507
0.35762
0.35217
0.34757
0.34161
0.33621
0.33522
0.32793
0.31561
0.30769
0.30748
0.30325
0.30774
0.32269
0.33962
0.34353
0.35769
0.36221
0.36589
0.37013
0.37626
0.37925
0.37935
0.37676
0.37505
0.37559
0.37645
0.37296
0.37042
0.3673
0.35541
0.35107
0.3376
0.33417
0.33141
0.32691
0.32228
0.31697
0.30596
0.29616
0.28929
0.28523
0.28234
0.27911
0.27719
0.27615
0.27853
0.28083
0.28512
0.29094
0.29748
0.30681
0.31505
0.31948
0.32088
0.32223
0.32381
0.32508
0.32613
0.32579
0.32324
0.32174
0.31943
0.31696
0.31597
0.31644
0.31817
0.32483
0.32445
0.32502
0.32284
0.31336
0.2997
0.29332
0.28906
0.28463
0.28554
0.28367
0.27955
0.28059
0.28141
0.28464
0.2884
0.29522
0.29943
0.30704
0.31259
0.31472
0.31232
0.3075
0.30662
0.30856
0.30517
0.30944
0.30975
0.3143
0.31762
0.31923
0.31873
0.3187
0.31462
0.3139
0.30903
0.30316
0.29922
0.2886
0.27883
0.27293
0.26778
0.26494
0.26111
0.2586
0.2552
0.33043
0.3313
0.33067
0.33046
0.33049
0.331
0.33066
0.33042
0.32945
0.32975
0.32976
0.32927
0.32821
0.3284
0.32797
0.32777
0.32698
0.32697
0.32647
0.32633
0.3251
0.32499
0.32457
0.32343
0.32272
0.32268
0.32224
0.32187
0.32133
0.32137
0.32112
0.3212
0.32004
0.3201
0.31996
0.31981
0.31899
0.31895
0.31826
0.31778
0.31699
0.31691
0.31637
0.3162
0.3149
0.3148
0.31404
0.31342
0.3123
0.31188
0.31111
0.31043
0.30923
0.30944
0.30819
0.30758
0.30624
0.30658
0.30617
0.30564
0.3048
0.30528
0.30455
0.30361
0.30171
0.30065
0.29836
0.29681
0.29495
0.29448
0.29342
0.29243
0.28961
0.28811
0.28572
0.28288
0.2789
0.27612
0.27198
0.26846
0.26497
0.26288
0.25994
0.25803
0.2556
0.2545
0.2543
0.2531
0.26837
0.27014
0.28697
0.28935
0.29332
0.29438
0.29534
0.29442
0.29568
0.29522
0.29557
0.29404
0.29394
0.29247
0.29151
0.28848
0.28637
0.28247
0.27951
0.27654
0.28823
0.28695
0.30024
0.3002
0.29626
0.29333
0.28852
0.28392
0.27852
0.2741
0.26957
0.26582
0.26145
0.25871
0.25494
0.26567
0.27827
0.28773
0.30071
0.29689
0.29387
0.28931
0.28646
0.29569
0.30975
0.32102
0.33284
0.32814
0.32517
0.32055
0.31704
0.32764
0.34072
0.34996
0.35939
0.35498
0.34983
0.34337
0.33852
0.34597
0.35908
0.36877
0.38055
0.37756
0.37656
0.37333
0.37361
0.3852
0.40032
0.41504
0.43015
0.43098
0.43516
0.43606
0.43936
0.45344
0.47267
0.488
0.50473
0.50777
0.51378
0.5178
0.52522
0.52948
0.53503
0.53972
0.54556
0.55042
0.56918
0.57664
0.59647
0.60124
0.60864
0.61203
0.61711
0.6198
0.6228
0.62513
0.62886
0.63052
0.63466
0.63739
0.6403
0.64302
0.64657
0.64797
0.65068
0.65102
0.65329
0.65382
0.65432
0.65336
0.6539
0.65208
0.65011
0.64866
0.64963
0.64876
0.64917
0.64818
0.64927
0.64884
0.64954
0.64852
0.64945
0.64938
0.64964
0.64829
0.64881
0.64873
0.64884
0.64688
0.64688
0.64571
0.64554
0.64391
0.64438
0.64343
0.64339
0.64211
0.6427
0.64158
0.64115
0.63948
0.6359
0.63134
0.60756
0.60129
0.59534
0.59435
0.59531
0.59286
0.59553
0.57303
0.55367
0.53237
0.515
0.50385
0.49941
0.4883
0.49251
0.47071
0.47013
0.44136
0.43712
0.41508
0.41456
0.39155
0.38892
0.36556
0.35792
0.34114
0.32798
0.3199
0.31481
0.30753
0.30839
0.3105
0.31795
0.33445
0.35096
0.37222
0.39215
0.41401
0.43376
0.45104
0.46512
0.47644
0.48401
0.49267
0.49783
0.5041
0.50824
0.51277
0.51439
0.51675
0.51573
0.51828
0.51749
0.52021
0.51997
0.52329
0.52416
0.5267
0.52578
0.53006
0.53038
0.53311
0.53284
0.53547
0.53491
0.53747
0.53742
0.54127
0.54202
0.54506
0.54518
0.54822
0.54815
0.55017
0.54952
0.55138
0.5505
0.5524
0.55104
0.55311
0.55237
0.55354
0.55142
0.55319
0.55173
0.55364
0.55301
0.55525
0.55462
0.55029
0.5429
0.54397
0.54161
0.53793
0.53098
0.53142
0.53158
0.53152
0.40752
0.40705
0.4069
0.40665
0.42011
0.41885
0.43499
0.43451
0.43519
0.43687
0.43728
0.43698
0.43532
0.43421
0.43424
0.4345
0.43434
0.43479
0.43339
0.43335
0.43355
0.43401
0.43517
0.44837
0.4665
0.48168
0.49836
0.4979
0.49753
0.49634
0.49566
0.4933
0.49251
0.49166
0.49001
0.48743
0.48756
0.48715
0.48857
0.48899
0.48851
0.48789
0.49058
0.49281
0.49406
0.49319
0.49243
0.48984
0.48934
0.48971
0.49096
0.4908
0.4949
0.49985
0.50604
0.50733
0.50691
0.50771
0.50593
0.50594
0.50488
0.50284
0.50062
0.49696
0.49496
0.49478
0.49887
0.50103
0.50173
0.50163
0.50274
0.50157
0.49997
0.49669
0.49856
0.49991
0.50298
0.5062
0.51063
0.51132
0.5089
0.50447
0.503
0.50225
0.50286
0.50254
0.50041
0.49032
0.48203
0.47458
0.48169
0.49162
0.50118
0.51067
0.51691
0.50376
0.49841
0.48088
0.48713
0.49379
0.50406
0.5111
0.51302
0.50917
0.49895
0.48251
0.47845
0.47981
0.48974
0.50719
0.53395
0.53731
0.52748
0.51386
0.51582
0.5219
0.53003
0.53212
0.53143
0.5258
0.52074
0.51803
0.51669
0.51227
0.51256
0.52081
0.52307
0.52154
0.52166
0.5221
0.52076
0.5192
0.51896
0.5187
0.51975
0.51916
0.51984
0.51935
0.51923
0.51825
0.51906
0.52447
0.53272
0.53597
0.53465
0.53003
0.52571
0.5218
0.52224
0.52213
0.52289
0.5228
0.52434
0.52441
0.52537
0.52552
0.52728
0.52831
0.53058
0.53105
0.53072
0.52741
0.52392
0.52009
0.51811
0.51584
0.5141
0.51272
0.51314
0.5132
0.51466
0.51542
0.51788
0.51979
0.52204
0.52287
0.52527
0.52645
0.52625
0.52254
0.5174
0.51198
0.5077
0.50203
0.49876
0.49679
0.49809
0.50038
0.50566
0.51037
0.51647
0.52183
0.52744
0.53015
0.52817
0.52169
0.51494
0.50644
0.49721
0.48614
0.47752
0.47205
0.47144
0.47423
0.48112
0.48799
0.49522
0.501
0.50626
0.50798
0.50526
0.49791
0.49091
0.48128
0.46961
0.45751
0.45193
0.45241
0.45974
0.46869
0.47937
0.48942
0.49947
0.50424
0.50187
0.49124
0.48194
0.46984
0.45496
0.43973
0.43056
0.42663
0.43008
0.43785
0.45131
0.4673
0.48308
0.49337
0.49702
0.49064
0.48025
0.46989
0.46046
0.44839
0.43963
0.4381
0.44847
0.4638
0.48123
0.49923
0.51162
0.51973
0.52708
0.53952
0.54979
0.55841
0.56035
0.54913
0.53707
0.53211
0.53896
0.55146
0.56218
0.57062
0.5772
0.57911
0.58055
0.58522
0.59386
0.60513
0.62127
0.63288
0.63729
0.63727
0.64056
0.64119
0.64171
0.64129
0.64201
0.64141
0.64234
0.64233
0.64079
0.30893
0.31051
0.30986
0.31096
0.30986
0.3128
0.3127
0.31346
0.31184
0.314
0.31419
0.31609
0.31547
0.3178
0.31693
0.3174
0.31539
0.31729
0.3167
0.31744
0.31639
0.31884
0.31826
0.31963
0.3186
0.32128
0.32112
0.32265
0.32127
0.32406
0.32376
0.32486
0.32324
0.32522
0.32427
0.32505
0.32342
0.32516
0.32509
0.32609
0.32444
0.32239
0.3091
0.30509
0.28931
0.29072
0.28972
0.29028
0.28841
0.29012
0.28924
0.29022
0.28854
0.28999
0.28908
0.42385
0.42387
0.42325
0.42308
0.42286
0.42354
0.42324
0.42316
0.42274
0.42306
0.42249
0.42192
0.42081
0.42024
0.41929
0.41892
0.41814
0.41818
0.41774
0.41764
0.41712
0.43241
0.43369
0.44965
0.44933
0.44823
0.44659
0.44515
0.44441
0.44283
0.44267
0.44165
0.4413
0.4401
0.4402
0.43971
0.43987
0.43926
0.43884
0.43718
0.43577
0.43392
0.4335
0.43248
0.43201
0.43146
0.43292
0.43417
0.4362
0.43715
0.43902
0.43972
0.44005
0.43838
0.43798
0.4368
0.43592
0.43376
0.43213
0.43147
0.43479
0.43925
0.44574
0.45209
0.45655
0.46256
0.47223
0.47782
0.483
0.48429
0.47809
0.47114
0.46473
0.45826
0.46157
0.47122
0.48397
0.48971
0.49256
0.49272
0.49282
0.62042
0.61737
0.61271
0.6104
0.60589
0.60133
0.59589
0.5902
0.58288
0.575
0.5717
0.57456
0.57823
0.58029
0.57691
0.57205
0.5668
0.56075
0.55706
0.55338
0.55018
0.54739
0.54732
0.54663
0.54823
0.56366
0.56422
0.57653
0.57322
0.57247
0.57412
0.56864
0.56192
0.55203
0.54574
0.53527
0.5218
0.51093
0.50128
0.49836
0.4997
0.5047
0.51025
0.51208
0.51716
0.51826
0.51975
0.51772
0.51409
0.50721
0.50196
0.49698
0.49233
0.4894
0.48981
0.49469
0.49665
0.49881
0.50434
0.51068
0.51229
0.51222
0.51555
0.5149
0.50958
0.50286
0.49829
0.49529
0.49058
0.48969
0.48893
0.49215
0.49845
0.50237
0.50609
0.51382
0.51737
0.52288
0.51989
0.51682
0.51797
0.5137
0.51029
0.51238
0.5082
0.50797
0.51067
0.5126
0.51277
0.51869
0.52284
0.52409
0.52099
0.53102
0.53216
0.52722
0.5283
0.52279
0.52366
0.51925
0.507
0.5049
0.49238
0.4953
0.49614
0.50203
0.50395
0.5074
0.51117
0.51836
0.51749
0.51822
0.51801
0.51836
0.51472
0.51246
0.5123
0.51269
0.51289
0.51805
0.50874
0.50866
0.49677
0.49771
0.75531
0.75634
0.75793
0.76031
0.76245
0.76471
0.76595
0.76574
0.76392
0.76269
0.7607
0.75815
0.75519
0.75348
0.75258
0.75283
0.75331
0.75519
0.75738
0.75985
0.76129
0.76231
0.7615
0.75936
0.75652
0.75479
0.75214
0.74866
0.74489
0.74298
0.7414
0.74112
0.74139
0.74322
0.74504
0.74717
0.74888
0.75051
0.74954
0.74728
0.74446
0.74289
0.74042
0.73769
0.73502
0.73423
0.73448
0.73607
0.73744
0.73946
0.74072
0.74252
0.74301
0.74342
0.74249
0.74075
0.7386
0.7365
0.7331
0.72966
0.72584
0.72389
0.72299
0.72437
0.72601
0.72873
0.73125
0.73435
0.73625
0.73766
0.73707
0.73477
0.73178
0.72955
0.72629
0.7228
0.71883
0.71666
0.71563
0.71675
0.71807
0.72045
0.72265
0.72595
0.72742
0.72654
0.72201
0.71702
0.71132
0.70663
0.70138
0.69664
0.69136
0.6876
0.6853
0.68607
0.68784
0.69101
0.69442
0.69891
0.70235
0.70611
0.70764
0.70602
0.7003
0.69512
0.69156
0.68906
0.68589
0.68311
0.68124
0.68145
0.68181
0.68322
0.6842
0.6862
0.68806
0.69035
0.69268
0.69601
0.698
0.69895
0.69695
0.69364
0.68793
0.68273
0.67854
0.67585
0.67242
0.66914
0.66607
0.66516
0.66395
0.66334
0.66246
0.66321
0.66389
0.66584
0.66772
0.67038
0.6724
0.67448
0.67573
0.67602
0.67403
0.67149
0.66851
0.66695
0.66463
0.66312
0.66273
0.66399
0.66359
0.66232
0.6606
0.66052
0.66017
0.66022
0.66024
0.66118
0.66193
0.66305
0.66342
0.66413
0.66386
0.66404
0.66345
0.66219
0.65867
0.65246
0.64664
0.64244
0.63792
0.6353
0.63506
0.63481
0.6357
0.63502
0.63441
0.63326
0.63339
0.64863
0.64807
0.66168
0.66119
0.66047
0.66068
0.66114
0.66253
0.66198
0.66159
0.66066
0.66167
0.66177
0.66178
0.66078
0.661
0.6607
0.66155
0.6615
0.66292
0.66335
0.66411
0.66426
0.66567
0.66616
0.66689
0.66689
0.66797
0.66816
0.66853
0.66807
0.66864
0.66848
0.66893
0.66841
0.66937
0.66912
0.66967
0.66936
0.67013
0.66999
0.6705
0.67014
0.67094
0.67089
0.67136
0.67103
0.67161
0.67212
0.67195
0.44014
0.43984
0.43918
0.43802
0.43687
0.43591
0.434
0.43211
0.43024
0.42875
0.42692
0.42543
0.4222
0.41953
0.41665
0.4136
0.41058
0.40801
0.4046
0.40136
0.39757
0.39344
0.38974
0.38594
0.38378
0.38155
0.38039
0.37819
0.37745
0.37632
0.375
0.37405
0.3729
0.37107
0.37023
0.36935
0.36849
0.3671
0.36654
0.36562
0.36585
0.36592
0.36674
0.36702
0.36735
0.36682
0.36634
0.36479
0.36442
0.36441
0.36465
0.36402
0.3641
0.36388
0.36381
0.36384
0.36383
0.36303
0.36366
0.3638
0.36397
0.36357
0.36351
0.3627
0.36235
0.36158
0.36133
0.36074
0.36053
0.35911
0.35886
0.35841
0.35795
0.35721
0.35678
0.35613
0.35616
0.35561
0.35498
0.35438
0.35343
0.35032
0.34572
0.34264
0.34081
0.33941
0.33886
0.33723
0.3368
0.33609
0.33621
0.33647
0.33689
0.33561
0.33386
0.33073
0.34917
0.34913
0.35053
0.37114
0.37205
0.37223
0.37228
0.37209
0.37217
0.37199
0.37267
0.37266
0.37287
0.39443
0.39586
0.41796
0.41854
0.41832
0.41916
0.41943
0.41994
0.41959
0.41971
0.42017
0.41949
0.42029
0.42025
0.42009
0.41977
0.42054
0.42033
0.42056
0.41973
0.41995
0.41981
0.41984
0.41952
0.42021
0.42019
0.42029
0.42041
0.42037
0.419
0.41788
0.41531
0.41455
0.41313
0.41308
0.41265
0.41262
0.41179
0.40816
0.40685
0.40476
0.40122
0.39679
0.39253
0.38937
0.3858
0.38109
0.37665
0.37181
0.382
0.37836
0.38936
0.38386
0.37779
0.37048
0.36335
0.35698
0.35358
0.34882
0.34585
0.34408
0.34183
0.33918
0.33622
0.33289
0.33162
0.3295
0.32707
0.32381
0.32156
0.31941
0.31823
0.31613
0.315
0.31337
0.31298
0.31151
0.31086
0.30931
0.30964
0.30882
0.3093
0.30883
0.30971
0.30914
0.30934
0.3077
0.3081
0.30696
0.30644
0.30533
0.30599
0.30616
0.3073
0.30691
0.30824
0.30888
0.30971
0.30903
0.31122
0.31121
0.31226
0.31159
0.31294
0.31238
0.31312
0.31195
0.31281
0.31233
0.32316
0.32311
0.33588
0.33582
0.33734
0.33691
0.33802
0.33697
0.3387
0.33909
0.33988
0.33912
0.3511
0.35142
0.3651
0.36536
0.36876
0.36915
0.37002
0.37025
0.37197
0.37208
0.37275
0.37236
0.38566
0.38592
0.40063
0.4014
0.40404
0.4042
0.40677
0.40676
0.41018
0.41169
0.41349
0.41507
0.41571
0.41787
0.41898
0.42021
0.42038
0.42248
0.42483
0.42624
0.42688
0.42983
0.43179
0.43345
0.43402
0.43744
0.43949
0.44089
0.44183
0.44481
0.44655
0.44852
0.44986
0.45209
0.45262
0.44464
0.445
0.43468
0.43451
0.42449
0.42449
0.41406
0.41658
0.40838
0.40799
0.39871
0.39883
0.39016
0.39168
0.38249
0.38374
0.3857
0.38668
0.38824
0.38959
0.38024
0.37928
0.37036
0.37059
0.36986
0.36005
0.36232
0.35058
0.35115
0.3513
0.35238
0.35224
0.35387
0.34411
0.34488
0.3318
0.33303
0.33307
0.33615
0.33725
0.33804
0.33816
0.33966
0.33941
0.33959
0.33154
0.3315
0.3179
0.31935
0.31956
0.32014
0.32165
0.32306
0.32291
0.32256
0.32127
0.3206
0.31147
0.31063
0.29644
0.29669
0.29612
0.2954
0.2961
0.29664
0.29674
0.29652
0.29564
0.29714
0.29778
0.29814
0.29762
0.29921
0.29937
0.29939
0.29912
0.29967
0.29937
0.29933
0.29854
0.29929
0.29983
0.29957
0.29882
0.2994
0.29931
0.29901
0.29863
0.29965
0.29951
0.29968
0.29893
0.29985
0.30021
0.30026
0.29964
0.30056
0.30051
0.30053
0.30009
0.30066
0.30047
0.30057
0.29979
0.29948
0.28811
0.28764
0.2736
0.27396
0.27364
0.27354
0.27305
0.27374
0.27288
0.27272
0.27115
0.27162
0.27061
0.27049
0.26916
0.26977
0.26939
0.2692
0.26813
0.26875
0.26781
0.26757
0.26619
0.26631
0.26515
0.26444
0.26198
0.26092
0.25941
0.25698
0.25369
0.25051
0.24743
0.24221
0.23842
0.23403
0.22858
0.2243
0.22166
0.21813
0.22667
0.23502
0.24661
0.25636
0.26845
0.27827
0.28989
0.29774
0.29726
0.29416
0.29339
0.29025
0.29709
0.29378
0.30491
0.31214
0.31941
0.31613
0.31535
0.3117
0.31004
0.31614
0.3238
0.32853
0.33445
0.33103
0.3269
0.32232
0.31937
0.31368
0.31042
0.30479
0.30001
0.29398
0.28683
0.27945
0.27633
0.27366
0.2741
0.27287
0.27292
0.27163
0.27128
0.27131
0.27164
0.27228
0.26957
0.26751
0.2659
0.26237
0.26039
0.25528
0.24694
0.23649
0.22714
0.21679
0.20656
0.19743
0.18932
0.18162
0.17686
0.17303
0.17123
0.17047
0.1746
0.1789
0.18367
0.188
0.19136
0.19007
0.1901
0.19061
0.19189
0.19269
0.1938
0.19538
0.20209
0.21071
0.22937
0.24019
0.2649
0.28018
0.29866
0.31713
0.33261
0.36087
0.38776
0.4072
0.42836
0.46378
0.47838
0.4909
0.50034
0.50731
0.52004
0.53403
0.55005
0.56693
0.57935
0.58305
0.58784
0.5886
0.58843
0.55969
0.55036
0.52063
0.4775
0.44988
0.43857
0.43774
0.41155
0.36394
0.36329
0.34729
0.33539
0.33484
0.32196
0.30701
0.30644
0.29386
0.25696
0.25707
0.2452
0.23219
0.23215
0.2234
0.21468
0.21463
0.20799
0.20489
0.20481
0.21703
0.23251
0.2323
0.254
0.27553
0.27561
0.26394
0.27464
0.27458
0.28372
0.28745
0.28741
0.28997
0.29158
0.29152
0.29233
0.29201
0.29198
0.28989
0.29849
0.29831
0.29697
0.30605
0.30601
0.30391
0.30303
0.30302
0.30387
0.30415
0.30413
0.30556
0.30736
0.30735
0.3107
0.31227
0.31232
0.31406
0.31576
0.31573
0.31959
0.32126
0.32184
0.32311
0.32593
0.32572
0.32712
0.32704
0.32775
0.32985
0.32931
0.3292
0.33179
0.33087
0.33108
0.33051
0.3315
0.33152
0.33244
0.33186
0.33292
0.33259
0.33195
0.33143
0.33291
0.33162
0.33179
0.33074
0.33106
0.3309
0.33101
0.32902
0.33059
0.32975
0.32957
0.32736
0.32926
0.3283
0.32857
0.3274
0.32818
0.32794
0.32796
0.3262
0.32735
0.32701
0.3257
0.32542
0.32649
0.32521
0.32639
0.32604
0.3256
0.32494
0.32618
0.3254
0.32547
0.32478
0.32564
0.32545
0.32668
0.32559
0.32639
0.32742
0.32701
0.32647
0.32776
0.32697
0.32729
0.32603
0.32687
0.3268
0.32757
0.32576
0.3262
0.32667
0.32557
0.3255
0.3267
0.32562
0.3258
0.32653
0.32637
0.32595
0.32795
0.32727
0.32729
0.32664
0.32771
0.32766
0.32803
0.32654
0.32673
0.3277
0.32733
0.32672
0.32825
0.32764
0.32788
0.32665
0.32748
0.32744
0.32824
0.3267
0.32703
0.32778
0.32666
0.32656
0.32818
0.32725
0.3273
0.32641
0.32755
0.32756
0.32795
0.32651
0.32676
0.32768
0.32707
0.32683
0.32805
0.32723
0.32723
3.4382e-06
3.4382e-06
3.4382e-06
3.4382e-06
3.4382e-06
3.4382e-06
3.4382e-06
3.4382e-06
3.4382e-06
3.4382e-06
3.4382e-06
3.4382e-06
3.4382e-06
3.4382e-06
3.4382e-06
3.4382e-06
3.4382e-06
3.4382e-06
3.4382e-06
3.4382e-06
3.4382e-06
3.4382e-06
3.4382e-06
3.4382e-06
3.4382e-06
3.4382e-06
3.4382e-06
3.4382e-06
3.4382e-06
3.4382e-06
3.4382e-06
3.4382e-06
3.4382e-06
3.4382e-06
3.4382e-06
4.9147e-06
4.9147e-06
4.9147e-06
4.9147e-06
4.9147e-06
4.9147e-06
4.9147e-06
4.9147e-06
4.9147e-06
4.9147e-06
4.9147e-06
4.9147e-06
4.9147e-06
4.9147e-06
4.9147e-06
4.9147e-06
4.9147e-06
4.9147e-06
4.9147e-06
4.9147e-06
4.9147e-06
4.9147e-06
4.9147e-06
4.9147e-06
4.9147e-06
4.7701e-06
4.736e-06
3.0169e-06
2.5233e-06
2.5233e-06
2.5233e-06
2.5233e-06
2.5233e-06
2.5233e-06
2.5233e-06
2.5233e-06
2.5233e-06
2.5233e-06
2.5233e-06
2.5233e-06
2.5233e-06
2.5233e-06
2.5233e-06
2.5233e-06
2.5233e-06
2.5233e-06
2.5233e-06
2.5233e-06
2.5233e-06
2.5233e-06
2.5233e-06
2.5233e-06
2.5233e-06
2.5233e-06
2.5233e-06
2.5233e-06
2.5233e-06
2.5233e-06
2.5233e-06
2.5233e-06
2.5233e-06
2.5233e-06
2.5233e-06
2.5233e-06
2.5233e-06
2.3489e-06
1.8042e-06
0.0052336
0.01179
0.016975
0.024305
0.028465
0.034582
0.040343
0.046237
0.049841
0.059247
0.063126
0.070487
0.074953
0.082527
0.0879
0.094562
0.099102
0.10699
0.11285
0.11906
0.12471
0.13295
0.13838
0.14508
0.15027
0.15817
0.16273
0.17215
0.17769
0.18507
0.18963
0.1994
0.20547
0.21362
0.21922
0.22868
0.23497
0.24414
0.25035
0.26083
0.26833
0.27758
0.28365
0.29597
0.30389
0.31387
0.32128
0.33337
0.34105
0.35114
0.35921
0.37017
0.37768
0.38702
0.39292
0.40494
0.41231
0.42193
0.42742
0.43161
0.43255
0.43541
0.43639
0.44067
0.44215
0.4454
0.44538
0.44938
0.44995
0.4521
0.45201
0.45475
0.45552
0.45764
0.4566
0.45938
0.45945
0.4614
0.46124
0.46335
0.46395
0.46614
0.46538
0.46769
0.46735
0.46893
0.4685
0.47091
0.47089
0.473
0.47216
0.47491
0.47536
0.47745
0.47784
0.48101
0.48197
0.48519
0.48558
0.48962
0.49137
0.49501
0.49714
0.50153
0.5037
0.50762
0.50861
0.51335
0.51532
0.51826
0.52
0.52336
0.52476
0.5275
0.52752
0.53064
0.53093
0.53252
0.53149
0.53408
0.53424
0.53623
0.53526
0.5378
0.53763
0.53887
0.53813
0.54019
0.53996
0.54156
0.54027
0.54238
0.54178
0.54276
0.5416
0.54309
0.54213
0.54303
0.54102
0.5418
0.54135
0.54169
0.54026
0.53423
0.52462
0.51499
0.50227
0.49131
0.47941
0.46813
0.45327
0.44306
0.42995
0.41917
0.40396
0.39404
0.38223
0.37013
0.35669
0.34556
0.33328
0.32144
0.30743
0.29755
0.28487
0.27409
0.25986
0.25011
0.23738
0.22736
0.21284
0.20325
0.19194
0.18107
0.16839
0.15831
0.14732
0.13664
0.12361
0.11365
0.10087
0.090847
0.079637
0.070353
0.057748
0.046445
0.035587
0.022903
0.012171
6.4679e-07
5.0041e-06
6.4679e-07
6.4679e-07
6.4679e-07
6.4679e-07
6.4679e-07
6.4679e-07
6.4679e-07
6.4679e-07
6.4679e-07
6.4679e-07
6.4679e-07
6.4679e-07
6.4679e-07
6.4679e-07
6.4679e-07
6.4679e-07
6.4679e-07
6.4679e-07
6.4679e-07
6.4679e-07
6.4679e-07
6.4679e-07
6.4679e-07
6.4679e-07
6.4679e-07
6.4679e-07
6.4679e-07
6.4679e-07
6.4679e-07
6.4679e-07
6.4679e-07
6.4679e-07
6.4679e-07
6.4679e-07
6.4679e-07
6.4679e-07
6.4679e-07
6.4679e-07
6.4679e-07
6.4679e-07
6.4679e-07
6.4679e-07
6.4679e-07
6.4679e-07
6.4679e-07
6.4679e-07
6.4679e-07
6.4679e-07
6.4679e-07
6.4679e-07
6.4679e-07
6.4679e-07
6.4679e-07
6.4679e-07
6.4679e-07
6.4679e-07
6.4679e-07
6.4679e-07
6.4679e-07
0
0
0
0
0
0
0
0
0
0
0
0
0
0
0
0
0
0
0
0
0
0
0
0
0
0
0
0
0
0
0
0
0
0.0063075
0.015153
0.019029
0.028213
0.030998
0.038879
0.045437
0.050015
0.056781
0.060882
0.067847
0.07424
0.08343
0.087373
0.098917
0.10257
0.11138
0.11687
0.12287
0.12595
0.13447
0.14039
0.14686
0.15074
0.15811
0.1623
0.16833
0.17617
0.17981
0.18746
0.19242
0.19966
0.20616
0.21592
0.22038
0.22642
0.22979
0.2383
0.24435
0.25063
0.2549
0.26131
0.2664
0.26995
0.27672
0.28385
0.28798
0.29507
0.30079
0.30732
0.31256
0.32021
0.33352
0.33935
0.34611
0.35333
0.35843
0.36552
0.37015
0.37658
0.3797
0.3781
0.38524
0.38885
0.39523
0.39215
0.33768
0.28247
0.25529
0.22958
0.21412
0.1821
0.13609
0.13223
0.15394
0.21304
0.25979
0.30462
0.347
0.39607
0.44857
0.48669
0.50279
0.50727
0.51641
0.52122
0.52825
0.53259
0.53946
0.54561
0.5546
0.56658
0.57729
0.58131
0.59123
0.59725
0.60301
0.6095
0.6157
0.61808
0.61629
0.61747
0.62343
0.625
0.63349
0.6386
0.64711
0.6525
0.65918
0.66243
0.68481
0.68485
0.68528
0.68539
0.68582
0.68552
0.68541
0.68484
0.68278
0.66968
0.66941
0.66919
0.66913
0.66881
0.66851
0.6683
0.66823
0.66868
0.66894
0.6831
0.6843
0.68492
0.68459
0.68492
0.68497
0.68501
0.68405
0.68404
0.66805
0.66794
0.66707
0.66708
0.66713
0.66684
0.66695
0.66634
0.66676
0.66787
0.68275
0.68303
0.68393
0.68342
0.68385
0.68328
0.68397
0.68368
0.68354
0.66594
0.66642
0.66642
0.66593
0.66578
0.66584
0.66533
0.66536
0.66488
0.66599
0.66661
0.68114
0.68116
0.68225
0.68218
0.68222
0.68173
0.68214
0.68158
0.67948
0.66605
0.66562
0.66573
0.66556
0.66556
0.66526
0.66455
0.66473
0.66469
0.66551
0.68125
0.6815
0.68134
0.68192
0.682
0.68213
0.68162
0.68195
0.68118
0.66564
0.66603
0.6651
0.66492
0.66348
0.66408
0.66319
0.66418
0.66353
0.6654
0.67976
0.68024
0.68004
0.68102
0.68082
0.68075
0.67989
0.68021
0.67921
0.66569
0.66451
0.66411
0.66387
0.66328
0.66227
0.66323
0.66275
0.66286
0.66209
0.67894
0.67923
0.67987
0.67982
0.68025
0.68019
0.68023
0.67934
0.67915
0.66279
0.66293
0.66224
0.66275
0.6622
0.66274
0.662
0.66277
0.6627
0.66295
0.6775
0.67891
0.67887
0.67901
0.67832
0.67889
0.67861
0.67882
0.67792
0.66209
0.6616
0.6619
0.66113
0.66163
0.66116
0.66125
0.66018
0.66114
0.66063
0.66139
0.67697
0.67762
0.67816
0.6783
0.67771
0.6784
0.67809
0.67802
0.6764
0.66069
0.66074
0.66077
0.66032
0.66062
0.66043
0.66055
0.65956
0.66083
0.66078
0.67637
0.67696
0.6769
0.67747
0.67728
0.67803
0.6777
0.67792
0.6776
0.66072
0.66073
0.66063
0.65986
0.66001
0.65967
0.65935
0.65928
0.65962
0.65904
0.67642
0.67628
0.6769
0.67695
0.67732
0.67669
0.6766
0.67623
0.67498
0.65942
0.65943
0.65875
0.6593
0.65902
0.65832
0.65842
0.6588
0.65861
0.65849
0.67418
0.67443
0.67491
0.67469
0.67551
0.67592
0.67581
0.67562
0.67542
0.65814
0.65723
0.65709
0.65645
0.65701
0.65683
0.657
0.65596
0.65666
0.65647
0.67362
0.6739
0.67449
0.67388
0.6745
0.67439
0.67458
0.67443
0.67424
0.65763
0.6734
0.67447
0.68908
0.68908
0.68977
0.68951
0.68968
0.68936
0.68933
0.6899
0.70742
0.70681
0.70826
0.70753
0.7076
0.70731
0.70771
0.70707
0.70672
0.68986
0.69022
0.68994
0.69017
0.68928
0.68988
0.68959
0.68931
0.6893
0.68956
0.70607
0.70698
0.70629
0.70718
0.70673
0.7072
0.70617
0.70699
0.70612
0.6893
0.68891
0.6891
0.68833
0.68831
0.68765
0.68818
0.68794
0.68797
0.6867
0.70543
0.70515
0.70576
0.70556
0.70615
0.7059
0.7059
0.70567
0.70494
0.68861
0.68856
0.68774
0.68855
0.6882
0.6879
0.68795
0.68833
0.68819
0.68822
0.7051
0.70618
0.7061
0.70654
0.70559
0.70661
0.70617
0.70654
0.70594
0.6898
0.68719
0.68734
0.68694
0.68754
0.68746
0.68774
0.68695
0.68796
0.68755
0.70444
0.70485
0.70558
0.70506
0.70236
0.6854
0.66989
0.65808
0.64115
0.5902
0.53351
0.45961
0.40974
0.36782
0.3261
0.29426
0.2374
0.16286
0.090492
0.060789
0.075832
0.14385
0.24885
0.33415
0.37616
0.35067
0.37148
0.4098
0.45747
0.51357
0.59454
0.6693
0.68721
0.68598
0.68621
0.68596
0.68546
0.68513
0.68596
0.7025
0.70336
0.70287
0.70384
0.70358
0.70407
0.70317
0.70408
0.70348
0.68681
0.68648
0.68686
0.68566
0.6859
0.68518
0.68584
0.68568
0.68592
0.68501
0.70405
0.70379
0.70431
0.70403
0.70465
0.70392
0.70416
0.70358
0.70347
0.6868
0.68681
0.686
0.68661
0.68582
0.68581
0.68529
0.68579
0.68547
0.6856
0.70222
0.70321
0.70321
0.70366
0.70271
0.70369
0.70352
0.70357
0.70301
0.68544
0.68465
0.68478
0.68429
0.68481
0.68471
0.6849
0.68407
0.68479
0.68438
0.70189
0.70194
0.70271
0.70192
0.70214
0.70142
0.70214
0.70176
0.70204
0.68379
0.68448
0.68405
0.68403
0.68348
0.68396
0.68304
0.68326
0.68268
0.68331
0.68316
0.70122
0.70056
0.70207
0.70154
0.70187
0.7015
0.70211
0.7012
0.70116
0.68358
0.68395
0.68381
0.68392
0.68301
0.68379
0.68336
0.68348
0.68316
0.68382
0.70024
0.701
0.70057
0.70139
0.7013
0.70162
0.70068
0.70155
0.70061
0.6836
0.68343
0.68371
0.68307
0.68303
0.68239
0.68293
0.6828
0.68292
0.682
0.70066
0.7005
0.7008
0.70066
0.70126
0.7005
0.70072
0.70008
0.6999
0.6829
0.68291
0.68213
0.68294
0.68264
0.68255
0.68228
0.68272
0.68204
0.68234
0.69901
0.70004
0.70007
0.70049
0.69955
0.70046
0.7001
0.70004
0.69966
0.68186
0.68113
0.68117
0.68073
0.68132
0.68109
0.68152
0.6805
0.68145
0.68106
0.69865
0.69882
0.69953
0.69875
0.69899
0.69825
0.69886
0.6985
0.69868
0.67943
0.68045
0.68021
0.6802
0.67988
0.68037
0.68
0.6798
0.67941
0.67994
0.67981
0.69786
0.69719
0.69858
0.69804
0.69826
0.69776
0.69819
0.69739
0.69729
0.67935
0.67967
0.67975
0.6799
0.67911
0.67986
0.67961
0.67968
0.67928
0.67982
0.69655
0.69694
0.69676
0.69754
0.6976
0.69775
0.69695
0.69755
0.69702
0.67917
0.67906
0.67919
0.67849
0.67846
0.67779
0.67825
0.67801
0.67841
0.67784
0.69589
0.69572
0.69061
0.68846
0.68278
0.67893
0.67414
0.66936
0.66187
0.6465
0.6407
0.63361
0.63198
0.6272
0.62365
0.61734
0.61482
0.60934
0.60569
0.61332
0.61099
0.60686
0.60133
0.59651
0.5927
0.58953
0.58301
0.57938
0.56687
0.56049
0.55502
0.55164
0.54571
0.54193
0.53897
0.53221
0.5313
0.52843
0.52801
0.52372
0.52137
0.51561
0.51136
0.50806
0.50276
0.49892
0.49377
0.48361
0.48079
0.47649
0.47132
0.46584
0.46335
0.45971
0.45533
0.44981
0.4468
0.44417
0.4411
0.43609
0.43418
0.4298
0.42365
0.41907
0.41677
0.4125
0.40802
0.40132
0.39985
0.39476
0.39084
0.38319
0.38224
0.37838
0.375
0.36912
0.36651
0.3632
0.35908
0.35301
0.35119
0.3467
0.34344
0.34131
0.34363
0.34275
0.34341
0.34138
0.34376
0.34295
0.3438
0.34187
0.34413
0.3433
0.34417
0.34206
0.34434
0.34365
0.34455
0.34265
0.34376
0.34507
0.34542
0.34409
0.34594
0.34598
0.34633
0.34475
0.34615
0.34422
0.34489
0.3429
0.3451
0.34427
0.34508
0.3431
0.34525
0.34441
0.34528
0.34318
0.3453
0.34456
0.34535
0.34335
0.34555
0.34478
0.34559
0.34348
0.34596
0.34546
0.3458
0.34476
0.34663
0.3467
0.3471
0.34532
0.34723
0.34721
0.34743
0.34572
0.34743
0.34729
0.34761
0.34599
0.34762
0.34749
0.34778
0.34609
0.34774
0.34763
0.34797
0.3463
0.34793
0.34775
0.34806
0.34651
0.34787
0.34751
0.34744
0.34552
0.34553
0.34078
0.33849
0.33395
0.33219
0.32796
0.32359
0.3173
0.3165
0.31281
0.30989
0.30445
0.30241
0.2981
0.29501
0.28779
0.28665
0.28215
0.2782
0.27135
0.27096
0.2655
0.26247
0.25546
0.25458
0.25045
0.24778
0.2409
0.23951
0.23504
0.23231
0.22154
0.22046
0.21685
0.21406
0.2074
0.20629
0.20199
0.19865
0.19202
0.19067
0.18663
0.1823
0.17714
0.17595
0.17166
0.16841
0.16146
0.15958
0.15552
0.15138
0.1455
0.1431
0.13896
0.13398
0.12815
0.12627
0.12231
0.11928
0.11308
0.11025
0.10358
0.10113
0.097393
0.093828
0.091192
0.085656
0.081258
0.078927
0.075195
0.070403
0.065618
0.063465
0.059941
0.055188
0.049912
0.046471
0.041902
0.037089
0.032525
0.028778
0.023791
0.01846
0.013191
0.0084968
0.0035477
5.4807e-06
5.4807e-06
5.4807e-06
5.4807e-06
5.0126e-06
4.6296e-06
4.6296e-06
2.2127e-06
1.668e-06
1.668e-06
1.668e-06
1.668e-06
1.668e-06
1.668e-06
1.668e-06
1.668e-06
1.668e-06
1.668e-06
1.668e-06
1.668e-06
1.668e-06
1.668e-06
1.668e-06
1.668e-06
1.668e-06
1.668e-06
1.668e-06
1.668e-06
1.668e-06
1.668e-06
1.668e-06
1.668e-06
1.668e-06
1.668e-06
1.668e-06
1.668e-06
1.668e-06
1.668e-06
1.668e-06
1.668e-06
1.668e-06
1.668e-06
1.668e-06
1.668e-06
1.668e-06
1.668e-06
1.668e-06
1.668e-06
1.668e-06
1.668e-06
1.668e-06
1.668e-06
1.668e-06
1.668e-06
1.668e-06
1.668e-06
1.668e-06
1.668e-06
1.668e-06
1.668e-06
1.668e-06
1.668e-06
1.668e-06
1.668e-06
1.668e-06
1.668e-06
1.668e-06
1.668e-06
1.668e-06
1.668e-06
1.668e-06
1.668e-06
1.668e-06
1.668e-06
1.668e-06
1.668e-06
1.668e-06
1.668e-06
1.668e-06
1.668e-06
1.668e-06
1.668e-06
1.668e-06
1.668e-06
1.668e-06
1.668e-06
1.668e-06
1.668e-06
1.668e-06
1.668e-06
1.668e-06
1.668e-06
1.668e-06
1.668e-06
1.668e-06
1.668e-06
1.668e-06
1.668e-06
1.668e-06
1.668e-06
1.668e-06
1.668e-06
1.668e-06
1.668e-06
1.668e-06
1.668e-06
1.668e-06
1.668e-06
1.668e-06
1.668e-06
1.668e-06
1.668e-06
1.668e-06
1.668e-06
1.668e-06
1.668e-06
1.668e-06
1.668e-06
1.668e-06
1.668e-06
1.668e-06
1.668e-06
1.668e-06
1.668e-06
1.668e-06
1.668e-06
1.668e-06
1.668e-06
1.668e-06
1.668e-06
1.668e-06
1.668e-06
1.668e-06
1.668e-06
1.668e-06
1.668e-06
1.668e-06
1.668e-06
1.668e-06
1.668e-06
1.668e-06
1.668e-06
1.668e-06
1.668e-06
1.668e-06
1.668e-06
1.668e-06
1.668e-06
1.668e-06
1.668e-06
1.668e-06
1.668e-06
1.668e-06
1.668e-06
1.668e-06
1.668e-06
1.668e-06
1.668e-06
1.668e-06
1.668e-06
1.668e-06
1.668e-06
1.668e-06
1.668e-06
1.668e-06
1.668e-06
1.668e-06
1.668e-06
1.668e-06
1.668e-06
1.668e-06
1.668e-06
1.668e-06
1.668e-06
1.668e-06
1.668e-06
1.668e-06
1.668e-06
1.668e-06
1.668e-06
1.668e-06
1.668e-06
1.668e-06
1.668e-06
1.668e-06
1.668e-06
1.668e-06
1.668e-06
1.668e-06
1.668e-06
1.668e-06
1.668e-06
1.668e-06
1.668e-06
1.668e-06
1.668e-06
1.668e-06
1.668e-06
1.668e-06
1.668e-06
1.668e-06
1.668e-06
1.668e-06
1.668e-06
1.668e-06
1.668e-06
1.668e-06
1.668e-06
1.668e-06
1.668e-06
1.668e-06
1.668e-06
1.668e-06
1.668e-06
1.668e-06
1.668e-06
1.668e-06
1.668e-06
1.668e-06
1.668e-06
1.668e-06
1.668e-06
1.668e-06
1.668e-06
1.668e-06
1.668e-06
1.668e-06
1.668e-06
1.668e-06
1.668e-06
1.668e-06
1.668e-06
1.668e-06
1.668e-06
1.668e-06
1.668e-06
1.668e-06
1.668e-06
1.668e-06
1.668e-06
1.668e-06
1.668e-06
1.668e-06
1.668e-06
1.668e-06
1.668e-06
1.668e-06
1.668e-06
1.668e-06
1.1234e-06
0
0
0
0
0
0
0
0
0
0
0
0
0
0
0
0
0
0
0
0
0
0
0
0
0
0
0
0
0
0
0
0
0
0
0
0
0
0
0
0
0
0
0
0
0
0
0
0
0
0
0
0
0
0
0
0
0
0
0
0.0090661
0.017034
0.024373
0.031377
0.03879
0.045583
0.049642
0.058442
0.065067
0.075467
0.083461
0.097653
0.10871
0.11801
0.12261
0.13289
0.13905
0.15068
0.16074
0.17201
0.18639
0.19589
0.2018
0.21249
0.2215
0.22638
0.23847
0.24775
0.25471
0.26696
0.28324
0.29634
0.31579
0.32714
0.33396
0.34654
0.35826
0.36515
0.37547
0.38346
0.39399
0.40094
0.41125
0.42001
0.43173
0.43886
0.44597
0.45751
0.46474
0.47606
0.48134
0.49233
0.50443
0.51094
0.51845
0.5209
0.53437
0.54036
0.54808
0.55186
0.55274
0.55251
0.55431
0.55438
0.55489
0.55312
0.55433
0.55458
0.55458
0.55288
0.55451
0.55393
0.55401
0.55325
0.5544
0.55357
0.55255
0.55087
0.55199
0.55143
0.55164
0.5504
0.55212
0.55161
0.55103
0.54964
0.55071
0.54944
0.54863
0.5463
0.54611
0.54493
0.54402
0.5423
0.54272
0.54305
0.54205
0.54086
0.54147
0.54071
0.53968
0.53726
0.53724
0.53561
0.53423
0.53121
0.53077
0.52959
0.52846
0.52756
0.52721
0.52444
0.52239
0.51851
0.51628
0.51287
0.51032
0.50713
0.50589
0.50321
0.50133
0.49814
0.49746
0.49579
0.49449
0.49171
0.49131
0.48897
0.48727
0.48396
0.48249
0.47976
0.47752
0.47468
0.49064
0.48937
0.50829
0.50911
0.50734
0.50611
0.503
0.50258
0.51777
0.51923
0.53506
0.53482
0.53335
0.53249
0.52999
0.52986
0.52789
0.52759
0.52491
0.52514
0.52344
0.52219
0.51972
0.52005
0.51757
0.51615
0.51373
0.51392
0.53178
0.53379
0.54852
0.5503
0.54939
0.54888
0.54727
0.54857
0.54626
0.54403
0.54133
0.54103
0.53925
0.53931
0.53713
0.53951
0.53874
0.53935
0.53799
0.53955
0.53935
0.54021
0.53868
0.53908
0.53647
0.5343
0.53166
0.53257
0.5321
0.53251
0.53044
0.53051
0.5291
0.52874
0.52694
0.52704
0.52409
0.52289
0.5201
0.51891
0.51625
0.51547
0.51367
0.51473
0.51461
0.51519
0.51404
0.51606
0.51545
0.51557
0.51422
0.51469
0.51301
0.5125
0.50943
0.50911
0.50827
0.50824
0.50741
0.50849
0.50773
0.50738
0.50464
0.50259
0.49738
0.4937
0.4892
0.48666
0.48263
0.4803
0.47842
0.47818
0.56341
0.56307
0.56079
0.56024
0.55673
0.55654
0.55402
0.55216
0.54832
0.54795
0.5444
0.52268
0.51925
0.49641
0.49395
0.49223
0.48877
0.48882
0.48649
0.48577
0.48323
0.48406
0.48282
0.482
0.48063
0.48359
0.48451
0.48684
0.48716
0.49129
0.4925
0.49527
0.49491
0.49846
0.49898
0.50031
0.49989
0.5034
0.50274
0.50411
0.50315
0.5057
0.50525
0.50681
0.50506
0.50777
0.50724
0.50783
0.5053
0.50657
0.5047
0.50453
0.50196
0.50327
0.50174
0.50241
0.50139
0.50455
0.5048
0.50689
0.50589
0.50861
0.50837
0.50931
0.50769
0.51016
0.50979
0.51114
0.50927
0.51134
0.51035
0.51148
0.50975
0.5109
0.51122
0.51361
0.51318
0.51678
0.51618
0.51661
0.51436
0.51628
0.51551
0.51698
0.5148
0.51567
0.51335
0.51262
0.50951
0.51003
0.50757
0.50712
0.50456
0.50418
0.50303
0.50067
0.5165
0.52162
0.53671
0.53668
0.53408
0.5357
0.53433
0.5349
0.53211
0.53319
0.5322
0.53308
0.53172
0.53383
0.53243
0.53344
0.53222
0.53569
0.53592
0.53847
0.53854
0.54259
0.54349
0.54663
0.54678
0.55069
0.55184
0.55376
0.5532
0.55668
0.55723
0.56023
0.56052
0.56481
0.56584
0.56811
0.56705
0.56916
0.56781
0.56801
0.56506
0.56597
0.56429
0.56431
0.56172
0.56285
0.56094
0.56059
0.55763
0.55773
0.55524
0.53557
0.53436
0.51142
0.51052
0.49426
0.49489
0.49272
0.49527
0.50285
0.51148
0.52094
0.53184
0.53097
0.52755
0.51963
0.51273
0.50515
0.49746
0.4914
0.48514
0.48344
0.4844
0.48642
0.48641
0.49144
0.49652
0.50363
0.5035
0.50954
0.50957
0.50488
0.50074
0.48882
0.47717
0.46474
0.45713
0.45125
0.44862
0.44947
0.4535
0.459
0.45782
0.45588
0.45014
0.44688
0.44266
0.44609
0.43749
0.43369
0.4316
0.43605
0.44037
0.44885
0.45683
0.46638
0.47145
0.4796
0.48284
0.48656
0.49013
0.49225
0.49067
0.49307
0.4956
0.50745
0.52201
0.53661
0.52798
0.51534
0.50597
0.5051
0.50214
0.49665
0.48251
0.46886
0.45447
0.44589
0.43536
0.42725
0.41958
0.4119
0.40771
0.40509
0.40125
0.39835
0.38914
0.3788
0.3652
0.3517
0.33572
0.32046
0.31234
0.30511
0.31388
0.34179
0.36929
0.39899
0.417
0.43579
0.4519
0.47186
0.48993
0.50889
0.52065
0.53298
0.54134
0.55129
0.56162
0.57051
0.57914
0.58859
0.5997
0.60765
0.60734
0.60875
0.60922
0.60707
0.5756
0.56022
0.53417
0.52478
0.51738
0.50859
0.51002
0.51602
0.51915
0.52539
0.52791
0.53087
0.5304
0.5284
0.52075
0.51382
0.50367
0.49296
0.48421
0.47456
0.46918
0.46442
0.46024
0.45835
0.45263
0.4491
0.44212
0.43539
0.42726
0.42088
0.4121
0.40539
0.39739
0.41021
0.424
0.44148
0.46005
0.47713
0.49694
0.51267
0.52454
0.53392
0.54587
0.55602
0.56351
0.56838
0.56993
0.57206
0.40193
0.39288
0.38116
0.36511
0.35602
0.34668
0.33805
0.32748
0.32938
0.33316
0.33757
0.34446
0.33691
0.3222
0.31255
0.3122
0.31022
0.31175
0.31134
0.31412
0.33364
0.36067
0.38557
0.41009
0.41564
0.42865
0.44603
0.45776
0.45655
0.46925
0.48337
0.49058
0.49024
0.49037
0.49751
0.50658
0.51401
0.52171
0.53041
0.53296
0.53893
0.55688
0.57564
0.58312
0.5869
0.59014
0.59415
0.59672
0.5992
0.60298
0.6117
0.61499
0.60574
0.60862
0.59943
0.60711
0.62049
0.62256
0.62377
0.62816
0.62061
0.60838
0.58654
0.58295
0.57172
0.55747
0.54448
0.5366
0.52071
0.51501
0.49345
0.49076
0.48979
0.49275
0.49762
0.48923
0.47452
0.4759
0.46638
0.46697
0.46257
0.46081
0.45933
0.46783
0.46504
0.45104
0.43784
0.44454
0.45275
0.44962
0.44375
0.43247
0.4217
0.42789
0.42784
0.42872
0.42504
0.42101
0.42652
0.43319
0.44302
0.44814
0.44649
0.44704
0.45456
0.45972
0.45876
0.44987
0.44337
0.44568
0.44721
0.44492
0.43617
0.42618
0.41907
0.41788
0.58257
0.57964
0.5758
0.57279
0.56809
0.56599
0.56206
0.55959
0.55606
0.55384
0.55089
0.54858
0.54632
0.54604
0.54399
0.54268
0.53968
0.53839
0.5377
0.53638
0.53377
0.53742
0.53631
0.53461
0.53453
0.53686
0.54071
0.54537
0.54404
0.54501
0.54037
0.54571
0.54703
0.55025
0.55202
0.55903
0.56475
0.57303
0.58133
0.59016
0.59706
0.60485
0.61149
0.61886
0.6249
0.63158
0.63663
0.64299
0.64677
0.65117
0.65328
0.65572
0.65665
0.65751
0.65836
0.65906
0.65677
0.68794
0.68508
0.68322
0.68088
0.67921
0.67757
0.67631
0.67355
0.67181
0.66935
0.66771
0.66483
0.6622
0.65962
0.65753
0.65431
0.65199
0.65007
0.64779
0.63126
0.62888
0.6073
0.60514
0.6048
0.6038
0.60253
0.60194
0.60084
0.59967
0.59813
0.59708
0.59594
0.59481
0.59299
0.59185
0.59082
0.5899
0.58942
0.58829
0.58736
0.5863
0.64145
0.64083
0.65954
0.65826
0.65733
0.65622
0.6554
0.65416
0.65282
0.65095
0.64959
0.64621
0.64288
0.63517
0.62658
0.61497
0.6191
0.6083
0.60674
0.59104
0.57071
0.55323
0.55591
0.53837
0.52265
0.51484
0.51026
0.5136
0.51707
0.51964
0.51961
0.5192
0.51553
0.51266
0.51248
0.51434
0.5137
0.51415
0.51291
0.51464
0.51423
0.5148
0.51324
0.51382
0.51248
0.51223
0.5125
0.51421
0.51369
0.51374
0.51375
0.5188
0.52192
0.52169
0.52078
0.52089
0.51969
0.51913
0.51835
0.51829
0.51754
0.51698
0.51637
0.51637
0.51582
0.51581
0.51501
0.51464
0.51375
0.51336
0.51226
0.51189
0.51073
0.51001
0.50872
0.50858
0.50707
0.50715
0.50662
0.5063
0.50637
0.50556
0.50579
0.50503
0.50454
0.50333
0.50261
0.50117
0.50003
0.49899
0.49893
0.49854
0.49839
0.49799
0.49833
0.52048
0.52055
0.54009
0.56263
0.58131
0.58003
0.57849
0.57781
0.57597
0.57441
0.57281
0.57297
0.5728
0.57319
0.57315
0.57326
0.5735
0.57296
0.57344
0.57245
0.57046
0.56666
0.56446
0.56299
0.56107
0.55948
0.55879
0.55809
0.5582
0.55799
0.55834
0.55932
0.55946
0.56006
0.55888
0.55595
0.55149
0.54937
0.54815
0.5469
0.54425
0.54231
0.54062
0.54025
0.53925
0.53953
0.53907
0.53929
0.53894
0.53961
0.53938
0.53948
0.53932
0.53939
0.53655
0.53104
0.52497
0.52217
0.52041
0.51847
0.51478
0.51152
0.50833
0.50632
0.5045
0.50205
0.501
0.49948
0.49911
0.49731
0.49676
0.49442
0.49193
0.48916
0.48875
0.48778
0.4888
0.48824
0.4874
0.48487
0.48503
0.48543
0.4869
0.48635
0.48688
0.48652
0.48638
0.48476
0.48412
0.48171
0.48072
0.47919
0.47956
0.47854
0.47852
0.47734
0.47723
0.4764
0.47617
0.47572
0.47618
0.47647
0.49408
0.49494
0.51707
0.51855
0.52047
0.5219
0.52351
0.52284
0.52247
0.52169
0.52094
0.52024
0.51851
0.5192
0.51888
0.51918
0.51881
0.5203
0.52104
0.52248
0.52317
0.52505
0.52567
0.52499
0.52371
0.52412
0.52417
0.52399
0.5234
0.52421
0.52407
0.52411
0.52343
0.52265
0.52241
0.52061
0.52025
0.52033
0.51961
0.52012
0.5198
0.52001
0.51931
0.51959
0.51929
0.51929
0.51892
0.51892
0.51898
0.51944
0.51924
0.51918
0.51838
0.51883
0.51886
0.519
0.51853
0.51914
0.51896
0.51789
0.51768
0.51859
0.51825
0.51849
0.518
0.51872
0.51903
0.51922
0.51897
0.51957
0.51959
0.5197
0.5193
0.52039
0.52081
0.52148
0.5219
0.52232
0.52347
0.52321
0.52354
0.52458
0.5243
0.52505
0.52488
0.52499
0.524
0.52453
0.52401
0.52355
0.52316
0.52347
0.52343
0.52347
0.52289
0.52344
0.52332
0.52347
0.52264
0.5231
0.52286
0.523
0.5225
0.52314
0.52275
0.5228
0.52214
0.52236
0.52198
0.5219
0.52139
0.52183
0.52217
0.52276
0.52189
0.5214
0.52005
0.51865
0.51638
0.5152
0.5134
0.5123
0.51205
0.51398
0.51516
0.51678
0.5175
0.5192
0.52072
0.52244
0.52216
0.52163
0.52106
0.52121
0.5211
0.52129
0.5208
0.51951
0.51983
0.51902
0.51848
0.51771
0.51954
0.52143
0.52392
0.52433
0.5247
0.5238
0.52314
0.52146
0.52163
0.52216
0.52278
0.52293
0.522
0.52186
0.5222
0.52185
0.33176
0.33215
0.33212
0.33243
0.33197
0.33221
0.33261
0.33235
0.33201
0.33293
0.33231
0.3325
0.33206
0.33273
0.33219
0.33266
0.33228
0.33253
0.33266
0.3325
0.33275
0.33246
0.3325
0.33237
0.33234
0.33226
0.33233
0.33225
0.33215
0.33256
0.33202
0.33264
0.33217
0.33258
0.3323
0.33261
0.33182
0.33204
0.33179
0.33232
0.33224
0.33259
0.33219
0.33279
0.33217
0.33273
0.3323
0.3329
0.33166
0.33191
0.33156
0.33172
0.33193
0.33178
0.332
0.33191
0.33159
0.33227
0.33157
0.33211
0.33133
0.33162
0.33218
0.33205
0.33222
0.33197
0.33255
0.33252
0.33235
0.33222
0.33285
0.33282
0.33166
0.33146
0.33192
0.33178
0.33213
0.33169
0.33244
0.3323
0.33247
0.33182
0.33234
0.33232
0.3318
0.33154
0.332
0.33174
0.33152
0.33181
0.33136
0.33207
0.3319
0.332
0.3316
0.33196
0.33143
0.33154
0.33105
0.33146
0.33125
0.33183
0.33162
0.33229
0.33163
0.33202
0.33165
0.33231
0.33107
0.33131
0.33098
0.3312
0.33139
0.33124
0.33152
0.33152
0.33122
0.33197
0.33116
0.33145
0.33083
0.33094
0.33113
0.3312
0.33119
0.33118
0.33158
0.33182
0.33203
0.3317
0.3321
0.33181
0.33186
0.33126
0.33211
0.33171
0.33203
0.33137
0.33209
0.33185
0.33195
0.33144
0.33173
0.33149
0.57331
0.57403
0.57438
0.57455
0.57402
0.57466
0.57477
0.57508
0.57448
0.57532
0.57504
0.57536
0.57466
0.57535
0.57556
0.57531
0.57473
0.5754
0.57536
0.57555
0.57488
0.5755
0.57538
0.5752
0.57477
0.57528
0.57519
0.57574
0.57519
0.57569
0.57565
0.57602
0.57535
0.57646
0.57621
0.57617
0.57543
0.57612
0.57577
0.576
0.57536
0.57599
0.57617
0.57649
0.57602
0.57675
0.57707
0.57724
0.57686
0.5777
0.57738
0.57786
0.57689
0.57711
0.57694
0.57693
0.57638
0.57735
0.57711
0.57753
0.57673
0.57739
0.57737
0.57744
0.57694
0.57757
0.57725
0.5771
0.57649
0.57722
0.57674
0.57709
0.57591
0.57625
0.57576
0.57578
0.57503
0.57571
0.57567
0.57586
0.57561
0.57654
0.57619
0.57604
0.57533
0.57543
0.57482
0.57466
0.57339
0.57355
0.57278
0.57303
0.5722
0.57306
0.57284
0.57299
0.57239
0.57312
0.57287
0.57296
0.57215
0.57321
0.57305
0.57315
0.57269
0.57338
0.57324
0.57361
0.57325
0.57391
0.57385
0.57409
0.57339
0.57354
0.57346
0.57325
0.57265
0.57272
0.57244
0.67985
0.68232
0.68196
0.68151
0.68061
0.68063
0.67935
0.67871
0.67744
0.67815
0.67766
0.6779
0.67641
0.6775
0.67721
0.67759
0.67709
0.67799
0.67704
0.67738
0.67658
0.67693
0.67665
0.6769
0.67643
0.67723
0.67672
0.67669
0.67553
0.67632
0.67594
0.67539
0.6747
0.67549
0.67541
0.67576
0.67482
0.67584
0.6753
0.67574
0.67511
0.67655
0.67602
0.67629
0.67603
0.67755
0.67747
0.6778
0.67666
0.67672
0.67664
0.6765
0.46214
0.46219
0.46237
0.46214
0.46224
0.46205
0.46199
0.46202
0.46182
0.46184
0.46189
0.46208
0.46261
0.46269
0.46318
0.4635
0.46403
0.46477
0.46463
0.4645
0.46456
0.46461
0.46511
0.46513
0.46553
0.46597
0.46579
0.46607
0.46558
0.46584
0.46639
0.46664
0.4672
0.46702
0.46723
0.46804
0.47012
0.47203
0.47396
0.47493
0.47563
0.47586
0.47646
0.47631
0.47682
0.47655
0.476
0.47487
0.47446
0.47425
0.47297
0.4724
0.47139
0.47117
0.47056
0.46999
0.46976
0.46867
0.46799
0.46773
0.46747
0.46716
0.46706
0.4666
0.46673
0.46658
0.46634
0.46582
0.46557
0.46551
0.46508
0.46486
0.46494
0.46452
0.46487
0.46443
0.46442
0.46396
0.4638
0.46394
0.46369
0.46374
0.46352
0.46347
0.4638
0.46347
0.46358
0.46336
0.46341
0.46338
0.46369
0.46324
0.46379
0.46349
0.46332
0.46363
0.46311
0.46298
0.46327
0.46276
0.46284
0.46282
0.46323
0.46284
0.46335
0.46308
0.46298
0.46304
0.46283
0.46299
0.46266
0.46261
0.46283
0.46261
0.46293
0.46283
0.4629
0.46268
0.46274
0.46257
0.46276
0.46266
0.46249
0.46232
0.46251
0.46236
0.46265
0.4624
0.46271
0.4626
0.46264
0.46249
0.46257
0.46251
0.46276
0.46239
0.4624
0.5341
0.53424
0.53461
0.53443
0.53452
0.53468
0.53338
0.53241
0.51514
0.51477
0.4965
0.49698
0.49669
0.49754
0.49761
0.49766
0.49759
0.49705
0.49617
0.49596
0.49572
0.49542
0.49474
0.49511
0.49393
0.49428
0.49509
0.49485
0.49418
0.49485
0.49456
0.49448
0.49377
0.49379
0.49321
0.49307
0.49186
0.49308
0.49351
0.4946
0.49455
0.49527
0.49494
0.49446
0.49302
0.49259
0.49188
0.49109
0.49005
0.4899
0.48957
0.49038
0.48954
0.49025
0.49076
0.49099
0.49099
0.49146
0.49064
0.49042
0.48992
0.48942
0.49013
0.4904
0.48992
0.49049
0.49059
0.49071
0.48975
0.48964
0.49008
0.48874
0.48653
0.4868
0.48646
0.48419
0.48315
0.48306
0.482
0.48339
0.48256
0.48275
0.4815
0.48167
0.48118
0.47953
0.47793
0.47697
0.47831
0.47592
0.47661
0.47735
0.47761
0.48061
0.47963
0.47926
0.47955
0.47668
0.47748
0.4774
0.47705
0.47427
0.47382
0.47247
0.47366
0.47147
0.47295
0.47244
0.45656
0.45501
0.44031
0.43862
0.43867
0.43631
0.43667
0.43509
0.4348
0.43335
0.43488
0.43413
0.43541
0.43514
0.43618
0.5007
0.50058
0.50116
0.50072
0.5009
0.50067
0.50065
0.50051
0.50053
0.50079
0.50066
0.50018
0.49975
0.50004
0.50004
0.50007
0.49936
0.49944
0.49947
0.49928
0.49939
0.49899
0.49892
0.49789
0.49716
0.49445
0.49218
0.49124
0.48971
0.4865
0.48347
0.48033
0.47767
0.47442
0.4731
0.47107
0.47117
0.47286
0.47488
0.47481
0.47519
0.47705
0.4783
0.47931
0.47955
0.48074
0.48073
0.4813
0.48084
0.48138
0.48226
0.48423
0.48435
0.48535
0.48588
0.48769
0.48891
0.49114
0.49205
0.49397
0.49529
0.49688
0.49805
0.49928
0.49946
0.49973
0.57495
0.57512
0.57369
0.57401
0.57285
0.57476
0.57414
0.57499
0.5744
0.57512
0.57496
0.57519
0.57434
0.57497
0.5747
0.57514
0.57433
0.57498
0.57456
0.57463
0.57362
0.57459
0.57403
0.57451
0.57366
0.57445
0.57415
0.57473
0.57384
0.57459
0.57426
0.57456
0.57399
0.57483
0.57426
0.57449
0.5739
0.50213
0.50295
0.50261
0.50423
0.50453
0.50448
0.50402
0.5048
0.50519
0.50526
0.50474
0.50511
0.50531
0.50519
0.50478
0.50549
0.50578
0.50589
0.50545
0.50623
0.50625
0.50644
0.50618
0.50705
0.50708
0.5073
0.50682
0.50747
0.50809
0.50812
0.50803
0.50769
0.50843
0.51089
0.51176
0.51349
0.51406
0.51444
0.51384
0.51304
0.51311
0.51094
0.51142
0.51145
0.51169
0.51104
0.51186
0.51133
0.51134
0.51052
0.51102
0.51045
0.51063
0.50994
0.5105
0.51014
0.51009
0.50925
0.51001
0.50954
0.50983
0.50888
0.50938
0.50871
0.50915
0.50834
0.50904
0.50874
0.50896
0.50831
0.50836
0.54462
0.54575
0.54599
0.54736
0.54751
0.54794
0.54702
0.54692
0.54591
0.54613
0.54554
0.54668
0.54604
0.54599
0.5462
0.54651
0.54533
0.54565
0.54506
0.54548
0.54423
0.54429
0.54409
0.54407
0.5451
0.54475
0.5438
0.52919
0.52831
0.5109
0.51092
0.50973
0.5087
0.5077
0.5082
0.50875
0.51005
0.5113
0.51131
0.51058
0.50881
0.50879
0.50814
0.50762
0.50588
0.50555
0.50451
0.50445
0.50267
0.5022
0.50018
0.4997
0.49931
0.5004
0.49998
0.50004
0.49987
0.50086
0.50124
0.50216
0.50193
0.50249
0.5019
0.50123
0.50023
0.50036
0.50028
0.50098
0.5013
0.50219
0.50186
0.50281
0.50352
0.42441
0.43231
0.48067
0.57113
0.62192
0.6509
0.66701
0.6876
0.70264
0.71112
0.71333
0.71246
0.71179
0.7105
0.70912
0.71035
0.7065
0.69997
0.69693
0.69178
0.68767
0.6786
0.66833
0.66562
0.6655
0.65816
0.64764
0.64903
0.64879
0.65036
0.65319
0.65336
0.65615
0.65914
0.65918
0.66008
0.6605
0.66224
0.66196
0.66212
0.66235
0.66103
0.65851
0.655
0.65186
0.64909
0.64678
0.64572
0.63422
0.63209
0.61919
0.61707
0.61406
0.61331
0.6095
0.60808
0.60812
0.60798
0.6076
0.60852
0.60786
0.6087
0.60666
0.60719
0.60707
0.6076
0.53287
0.51984
0.51963
0.52011
0.51905
0.51927
0.51892
0.51877
0.51813
0.51823
0.5175
0.50321
0.50196
0.4881
0.48779
0.48786
0.48743
0.48777
0.48769
0.48698
0.48414
0.48407
0.48455
0.48597
0.487
0.48915
0.49057
0.49195
0.49164
0.49228
0.49276
0.49519
0.49714
0.49846
0.49816
0.49725
0.49656
0.49517
0.4934
0.49044
0.48879
0.49179
0.48659
0.48722
0.48643
0.48685
0.48712
0.48736
0.48697
0.48774
0.48752
0.48804
0.4875
0.48765
0.48768
0.48786
0.48744
0.48749
0.59914
0.60007
0.60066
0.60031
0.59966
0.60084
0.60051
0.60109
0.59998
0.60084
0.60148
0.6015
0.60088
0.60271
0.60361
0.60417
0.60409
0.60594
0.60604
0.60651
0.60613
0.60736
0.60807
0.6091
0.61147
0.61245
0.61508
0.61506
0.61675
0.61669
0.61992
0.62249
0.62585
0.62894
0.63334
0.63766
0.64229
0.64501
0.64808
0.64912
0.64925
0.64997
0.64966
0.65016
0.65156
0.6542
0.65785
0.66098
0.66456
0.66701
0.67061
0.67174
0.66198
0.6631
0.65319
0.65406
0.65622
0.65746
0.66174
0.66437
0.66912
0.67205
0.67833
0.68284
0.69
0.69821
0.70617
0.71148
0.70476
0.70718
0.69658
0.69847
0.70037
0.70187
0.70304
0.70313
0.69332
0.69344
0.68292
0.68524
0.68857
0.68946
0.69124
0.69414
0.68939
0.68154
0.6715
0.66193
0.65026
0.65032
0.64288
0.6432
0.63471
0.63609
0.62691
0.62862
0.63184
0.63308
0.6357
0.63651
0.63258
0.63245
0.62582
0.62868
0.6324
0.63568
0.63825
0.64056
0.63428
0.63673
0.62359
0.6237
0.62291
0.62249
0.62144
0.62194
0.6218
0.62156
0.62053
0.62095
0.62057
0.6203
0.61961
0.62016
0.61958
0.61909
0.61843
0.61893
0.61904
0.61847
0.61759
0.61767
0.61701
0.61636
0.61556
0.61532
0.60107
0.60029
0.58361
0.58377
0.58357
0.58288
0.58172
0.58169
0.58117
0.58082
0.57954
0.57969
0.57861
0.57817
0.57611
0.5758
0.57485
0.57327
0.57121
0.56983
0.56858
0.56776
0.56655
0.56625
0.56485
0.56373
0.562
0.56078
0.72679
0.72695
0.72579
0.71384
0.71189
0.6991
0.69946
0.69856
0.69823
0.69683
0.69718
0.69582
0.69576
0.69401
0.69443
0.6923
0.69221
0.69064
0.69219
0.69135
0.69211
0.69246
0.69111
0.67944
0.67802
0.6645
0.66335
0.6634
0.66285
0.66257
0.66077
0.66074
0.66192
0.66042
0.66117
0.65952
0.65925
0.65765
0.65787
0.65614
0.65776
0.65715
0.65831
0.65737
0.65971
0.65934
0.66078
0.6596
0.66116
0.66036
0.6604
0.66062
0.66161
0.66117
0.66183
0.66049
0.66156
0.66216
0.66636
0.66959
0.67545
0.68228
0.68742
0.68018
0.68578
0.67698
0.68313
0.68677
0.69265
0.69568
0.69763
0.68513
0.68769
0.67674
0.68352
0.69127
0.70007
0.29869
0.29969
0.29799
0.29731
0.29535
0.29564
0.29432
0.2941
0.29256
0.29352
0.29303
0.29352
0.29285
0.29423
0.29253
0.29191
0.28962
0.28965
0.28797
0.28843
0.28747
0.28878
0.28845
0.28928
0.28865
0.29001
0.28961
0.69154
0.68147
0.67086
0.65938
0.64738
0.63601
0.62197
0.60877
0.59999
0.59316
0.58626
0.57923
0.57589
0.57627
0.57919
0.58541
0.59905
0.62045
0.64938
0.68372
0.71264
0.72119
0.70915
0.6881
0.67472
0.67331
0.67679
0.6889
0.56079
0.54587
0.54389
0.54505
0.54538
0.55002
0.55189
0.55446
0.55514
0.55621
0.55626
0.55746
0.55646
0.55953
0.56159
0.55862
0.55243
0.55042
0.54752
0.54649
0.54426
0.54366
0.54242
0.54173
0.53994
0.54048
0.53933
0.53984
0.53975
0.5423
0.54288
0.54358
0.54267
0.5441
0.54379
0.54445
0.54381
0.54506
0.54422
0.54153
0.53873
0.53948
0.53922
0.5398
0.53926
0.54078
0.54033
0.54057
0.54025
0.54292
0.54426
0.54549
0.54528
0.54692
0.54711
0.54801
0.54788
0.54973
0.5506
0.55213
0.55312
0.55696
0.55803
0.55642
0.55377
0.55456
0.55469
0.55533
0.55537
0.55781
0.55847
0.55927
0.55828
0.55878
0.55702
0.54399
0.54088
0.52797
0.52864
0.52795
0.52608
0.52676
0.52681
0.52701
0.52621
0.52718
0.52683
0.52709
0.52612
0.52662
0.52653
0.52643
0.52543
0.52611
0.52574
0.52584
0.52499
0.52522
0.52538
0.5242
0.45647
0.45722
0.45648
0.45458
0.45456
0.45615
0.45583
0.4566
0.45685
0.4581
0.45689
0.45749
0.45725
0.45803
0.45698
0.45703
0.45486
0.4547
0.45395
0.45336
0.45178
0.4516
0.45305
0.45469
0.45422
0.45744
0.45976
0.46063
0.46283
0.46685
0.4693
0.47242
0.47367
0.47525
0.47542
0.47632
0.4743
0.47427
0.47127
0.46923
0.46624
0.46503
0.4624
0.46001
0.45676
0.455
0.45218
0.44953
0.44511
0.44409
0.44046
0.43814
0.43408
0.4329
0.42851
0.42639
0.42357
0.42146
0.41884
0.41385
0.4097
0.40711
0.40255
0.39946
0.39626
0.39648
0.39419
0.39333
0.39173
0.39104
0.3888
0.38793
0.38504
0.38417
0.3806
0.37753
0.37388
0.37311
0.37158
0.3704
0.36618
0.36582
0.36423
0.3628
0.35865
0.35716
0.35545
0.35304
0.35342
0.35197
0.35132
0.34992
0.35073
0.34986
0.35064
0.34971
0.35014
0.34898
0.34959
0.34811
0.34843
0.34761
0.3482
0.34663
0.34574
0.345
0.34347
0.33967
0.3394
0.33779
0.33714
0.33439
0.33467
0.33358
0.33469
0.33453
0.33562
0.33504
0.3374
0.33935
0.34345
0.34559
0.3494
0.35102
0.35173
0.35175
0.35446
0.35637
0.35904
0.36035
0.36191
0.3613
0.35988
0.35815
0.35816
0.35866
0.35926
0.35869
0.34245
0.34154
0.32512
0.32626
0.32747
0.3271
0.32569
0.32454
0.3237
0.32357
0.32447
0.32467
0.32527
0.32495
0.32466
0.32433
0.32488
0.325
0.32535
0.32539
0.32473
0.32388
0.32411
0.32436
0.3254
0.30064
0.29952
0.28852
0.28847
0.28911
0.28895
0.28894
0.28945
0.28969
0.2897
0.28832
0.28839
0.28874
0.28925
0.28975
0.28983
0.28927
0.28945
0.28943
0.28907
0.28913
0.28834
0.28891
0.28853
0.28903
0.28862
0.28899
0.2881
0.28832
0.28782
0.28838
0.28822
0.28818
0.28766
0.28781
0.28752
0.28778
0.2878
0.28774
0.28748
0.2872
0.28687
0.28659
0.28594
0.28587
0.28558
0.28494
0.2845
0.28466
0.28455
0.28452
0.2842
0.2843
0.2842
0.28414
0.28396
0.52227
0.52079
0.51858
0.51588
0.51387
0.5139
0.51451
0.51496
0.51286
0.51213
0.51153
0.51239
0.51015
0.50832
0.50693
0.50612
0.50291
0.5013
0.49718
0.49268
0.49022
0.48737
0.4859
0.48269
0.48126
0.48143
0.48121
0.47908
0.47897
0.47706
0.47488
0.47212
0.46821
0.46314
0.46029
0.45916
0.45751
0.45381
0.47213
0.47214
0.48648
0.48285
0.48228
0.4789
0.47954
0.47939
0.47115
0.46292
0.45907
0.44965
0.45326
0.44317
0.45468
0.46144
0.46661
0.4617
0.45249
0.43778
0.42113
0.40828
0.40204
0.41591
0.42762
0.40452
0.40334
0.4029
0.4015
0.39961
0.39446
0.38781
0.38225
0.38044
0.38212
0.38206
0.37875
0.37342
0.37073
0.36948
0.35676
0.34585
0.34208
0.34019
0.33319
0.3489
0.36228
0.37879
0.39256
0.39552
0.39704
0.39802
0.39873
0.39596
0.39392
0.39289
0.38907
0.38974
0.38723
0.38225
0.37918
0.39568
0.40848
0.42096
0.43592
0.43824
0.43814
0.44051
0.45021
0.46595
0.4776
0.48865
0.49816
0.50784
0.52117
0.53094
0.53879
0.55095
0.55822
0.5687
0.57866
0.56341
0.56277
0.54134
0.54179
0.57349
0.57699
0.58249
0.58602
0.58743
0.55733
0.55621
0.56805
0.58415
0.57853
0.58332
0.56867
0.57387
0.57748
0.58221
0.58791
0.58847
0.58909
0.59054
0.59321
0.59911
0.60351
0.60527
0.60562
0.60777
0.61067
0.61172
0.5041
0.50745
0.50956
0.50881
0.5059
0.51021
0.51573
0.52462
0.52613
0.52478
0.52174
0.52023
0.51692
0.51504
0.51063
0.50713
0.50305
0.49367
0.48429
0.48177
0.4826
0.48536
0.48591
0.48476
0.48241
0.48242
0.48364
0.4821
0.4809
0.47901
0.47768
0.49499
0.49008
0.484
0.46869
0.4495
0.43424
0.44829
0.4469
0.45793
0.45945
0.49246
0.52624
0.54311
0.54871
0.54147
0.54753
0.53816
0.51142
0.49543
0.49156
0.48665
0.52046
0.55059
0.59479
0.58398
0.58773
0.61879
0.62277
0.59615
0.5903
0.58397
0.53476
0.51759
0.80632
0.82138
0.86211
0.85848
0.8388
0.8502
0.82598
0.79815
0.77936
0.7814
0.74129
0.71971
0.72843
0.72332
0.6944
0.66473
0.62703
0.61087
0.61768
0.5982
0.59201
0.58734
0.57742
0.57326
0.57238
0.59696
0.62293
0.6316
0.63967
0.66265
0.69158
0.70559
0.42273
0.40099
0.38094
0.37342
0.34931
0.33936
0.3339
0.33769
0.35681
0.38365
0.39156
0.38315
0.36622
0.35103
0.34228
0.34144
0.34712
0.35593
0.36339
0.36349
0.35732
0.34325
0.32462
0.30905
0.3023
0.3214
0.32984
0.3568
0.36895
0.3842
0.4473
0.44119
0.43555
0.43553
0.4354
0.43838
0.44416
0.4708
0.47595
0.49988
0.50233
0.50394
0.50377
0.50766
0.5019
0.49205
0.47755
0.6372
0.66008
0.67082
0.6719
0.69011
0.70965
0.71076
0.72383
0.73028
0.73099
0.73027
0.71989
0.69194
0.71578
0.74025
0.75168
0.80305
0.84458
0.83444
0.83267
0.45191
0.45118
0.44242
0.45682
0.48095
0.46651
0.4585
0.45147
0.46053
0.48918
0.50668
0.50361
0.47916
0.45716
0.43491
0.42129
0.41535
0.41277
0.4222
0.42874
0.40977
0.38502
0.39214
0.54395
0.51207
0.47671
0.43581
0.40073
0.36458
0.3725
0.36991
0.36751
0.36803
0.37981
0.37986
0.43394
0.44903
0.49939
0.49935
0.52357
0.52471
0.55334
0.58241
0.59376
0.60839
0.61792
0.61538
0.61795
0.62141
0.63799
0.6459
0.67236
0.67785
0.67947
0.70522
0.70105
0.71846
0.7111
0.71796
0.72138
0.72958
0.72927
0.73301
0.73698
0.73131
0.73851
0.72249
0.70698
0.73466
0.74039
0.45327
0.4442
0.42652
0.40703
0.40688
0.4134
0.42547
0.4274
0.43312
0.43289
0.43724
0.44171
0.43675
0.43527
0.4335
0.42537
0.41799
0.41799
0.41228
0.41292
0.41582
0.41661
0.41216
0.40849
0.41142
0.22978
0.21381
0.21644
0.21978
0.23302
0.2341
0.23548
0.23383
0.26262
0.29742
0.32798
0.34484
0.3564
0.35134
0.35281
0.35722
0.36099
0.38339
0.41547
0.44391
0.47195
0.51046
0.54848
0.56772
0.55703
0.57648
0.54712
0.51965
0.5056
0.49355
0.46791
0.46467
0.47121
0.47678
0.47289
0.49721
0.49017
0.55514
0.48852
0.4341
0.39417
0.36685
0.37633
0.41204
0.49324
0.55868
0.57599
0.50985
0.44464
0.4292
0.44869
0.47101
0.49047
0.49387
0.47476
0.42313
0.35386
0.33251
0.36058
0.4087
0.45972
0.84224
0.85272
0.87329
0.8644
0.84892
0.82807
0.81339
0.80657
0.79081
0.78023
0.76872
0.73576
0.70574
0.70938
0.71701
0.68189
0.65311
0.60816
0.51808
0.46308
0.35605
0.24273
0.15213
0.088125
0.033988
0
0.50214
0.50271
0.50249
0.50247
0.50207
0.5028
0.50263
0.5026
0.50243
0.50272
0.50236
0.50251
0.50227
0.50238
0.50216
0.50237
0.50214
0.50212
0.50196
0.50209
0.50206
0.50193
0.50156
0.50154
0.50145
0.50148
0.50135
0.50147
0.50165
0.50145
0.27285
0.2792
0.28645
0.29258
0.29477
0.29852
0.302
0.3059
0.30858
0.31058
0.31161
0.31161
0.31309
0.31387
0.31495
0.31544
0.3166
0.31762
0.31849
0.31892
0.31991
0.32018
0.32053
0.32034
0.32019
0.32116
0.32087
0.32201
0.32261
0.3238
0.32483
0.32703
0.32797
0.32969
0.32981
0.33083
0.33089
0.33176
0.33168
0.33193
0.33165
0.33228
0.33212
0.33252
0.33245
0.33378
0.33402
0.3342
0.33368
0.33423
0.33399
0.33424
0.33384
0.33438
0.33418
0.33401
0.33301
0.33308
0.33176
0.33118
0.32987
0.32984
0.32856
0.32776
0.32693
0.40047
0.39438
0.38378
0.37705
0.37561
0.38206
0.39255
0
0
0
0
0
0
0
0
0
0
0
0
0
0
0
0
0
0
0
0
0
0
0
0
0
0
0
0
0
0
0
0
0
0
0
0
0
0
0
0
0
0
0
0
0
0
0
0
0
0
0
0
0
0
0
0
0
0
0
0
0
0
0
0
0
0
0
0
0
0
0
0
0
0
0
0
0
0
0
0
0
0
0
0
0
0
0
0
0
0
0
0
0
0
0
0
0
0
0
0
0
0
0
0
0
0
0
0
0
0
0
0
0
0
0
0
0
0
0
0
0
0
0
0
0
0
0
0
0
0
0
0
0
0
0
0
0
0
0
0
0
0
0
0
0
0
0
0
0
0
0
0
0
0
0
0
0
0
0
0.011214
0.02738
0.042928
0.059069
0.074405
0.090817
0.10501
0.12117
0.13524
0.15182
0.16765
0.18218
0.19711
0.2107
0.2255
0.2415
0.25528
0.27155
0.28576
0.3019
0.31626
0.3325
0.3466
0.36352
0.37808
0.39239
0.40698
0.42318
0.4368
0.45324
0.46734
0.48293
0.49903
0.51355
0.52836
0.54521
0.55939
0.57549
0.58951
0.60458
0.62086
0.63444
0.6494
0.66235
0.67996
0.69527
0.71082
0.72479
0.74046
0.75422
0.7684
0.78436
0.79845
0.81356
0.82633
0.84551
0.84579
0.84623
0.84578
0.84615
0.84638
0.84565
0.84536
0.84588
0.84532
0.84571
0.84502
0.84566
0.84569
0.84622
0.84613
0.847
0.84722
0.84746
0.84696
0.84726
0.8469
0.83509
0.8315
0.8221
0.82171
0.82147
0.82083
0.8215
0.82115
0.82166
0.82115
0.82117
0.822
0.82195
0.82216
0.82289
0.82238
0.82251
0.82195
0.80778
0.79198
0.77912
0.76437
0.75159
0.73716
0.72397
0.70827
0.69352
0.67993
0.66397
0.65022
0.63767
0.62246
0.60922
0.59369
0.57986
0.56695
0.55154
0.53824
0.52254
0.5084
0.49551
0.48009
0.46633
0.45053
0.43693
0.42465
0.40971
0.39649
0.38107
0.36698
0.35393
0.33802
0.32425
0.30831
0.29466
0.2821
0.26714
0.254
0.23915
0.2269
0.2125
0.19898
0.18371
0.16909
0.15607
0.13981
0.12652
0.1134
0.098412
0.084522
0.068836
0.054262
0.04077
0.026069
0.010826
3.268e-06
0
0
0
0
0
0
0
0
0
0
0
0
0
0
0
0
0
0
0
0
0
0
0
0
0
0
0
0
0
0
0
0
0
0
0
0
0
0
0
0
0
0
0
0
0
0
0
0
0
0
0
0
0
0
0.0092442
0.020352
0.02834
0.037344
0.049613
0.056705
0.068297
0.077116
0.086922
0.095041
0.10522
0.11348
0.12273
0.12958
0.13983
0.14752
0.15531
0.16616
0.17434
0.18476
0.19326
0.20136
0.20937
0.21766
0.2281
0.23483
0.24701
0.25516
0.26524
0.27252
0.28348
0.29076
0.29947
0.30551
0.31725
0.32435
0.33415
0.34089
0.35212
0.35945
0.3688
0.37482
0.38658
0.39386
0.40374
0.40994
0.41729
0.42746
0.43482
0.43931
0.44821
0.45373
0.46038
0.46407
0.47016
0.47011
0.47071
0.46955
0.47124
0.47055
0.47083
0.46981
0.47024
0.47
0.46991
0.46908
0.46988
0.46847
0.46775
0.46544
0.46419
0.46126
0.45747
0.45257
0.44728
0.44122
0.4344
0.42649
0.42213
0.41706
0.41256
0.40675
0.4025
0.39742
0.39367
0.38912
0.38693
0.38407
0.38175
0.37816
0.37723
0.37427
0.37122
0.36595
0.3612
0.35635
0.35317
0.35002
0.34885
0.34794
0.34817
0.34754
0.34894
0.34853
0.34765
0.34529
0.34415
0.34107
0.34006
0.3372
0.33628
0.33488
0.33333
0.33112
0.3303
0.3288
0.32746
0.32613
0.33877
0.33945
0.35213
0.34942
0.34536
0.33838
0.33642
0.33334
0.33364
0.33365
0.33412
0.33306
0.34598
0.34767
0.34596
0.36645
0.36436
0.36246
0.36276
0.36224
0.3637
0.3631
0.36369
0.36281
0.36428
0.3632
0.36373
0.36249
0.36339
0.36299
0.36275
0.36046
0.36033
0.35894
0.35871
0.35791
0.35933
0.35852
0.35955
0.3577
0.3579
0.35597
0.35525
0.35194
0.35006
0.34685
0.34323
0.33663
0.33185
0.32371
0.31819
0.31254
0.30676
0.30149
0.29955
0.29588
0.295
0.29404
0.29325
0.29157
0.29088
0.28936
0.28867
0.2869
0.28518
0.26582
0.26419
0.25521
0.25523
0.25426
0.25509
0.25446
0.25572
0.25666
0.25906
0.26073
0.26358
0.26502
0.26783
0.26957
0.2728
0.2746
0.2785
0.28152
0.28614
0.28961
0.29498
0.29981
0.30626
0.32135
0.32881
0.35734
0.37736
0.39461
0.40219
0.40803
0.41541
0.42121
0.42842
0.43486
0.44129
0.44628
0.45345
0.45988
0.46542
0.47088
0.47582
0.4788
0.48283
0.48639
0.48919
0.49252
0.49707
0.4998
0.5056
0.50909
0.5142
0.51717
0.50627
0.50955
0.4984
0.50155
0.5065
0.5089
0.51253
0.51425
0.5181
0.5199
0.52322
0.52408
0.52619
0.49418
0.49548
0.48193
0.48336
0.48342
0.48608
0.48647
0.48756
0.48699
0.48928
0.48947
0.49054
0.49003
0.49181
0.49191
0.493
0.49257
0.49445
0.49416
0.49495
0.49436
0.49628
0.49615
0.49679
0.49591
0.49753
0.49755
0.49872
0.49837
0.50005
0.50041
0.50162
0.50126
0.50351
0.50373
0.50475
0.50394
0.50534
0.50507
0.50598
0.50535
0.50667
0.50612
0.5069
0.50587
0.50743
0.50695
0.50802
0.50732
0.50866
0.5083
0.50887
0.50728
0.50758
0.50615
0.50475
0.50185
0.50101
0.49776
0.49432
0.48884
0.48514
0.48058
0.47765
0.47382
0.47298
0.47122
0.47044
0.46688
0.46713
0.46566
0.46529
0.46361
0.46413
0.4632
0.46369
0.46237
0.46394
0.46367
0.46486
0.4642
0.46578
0.4659
0.46676
0.46549
0.46682
0.46657
0.4675
0.46679
0.46806
0.46771
0.46833
0.46758
0.46857
0.46858
0.46875
0.46807
0.46857
0.46778
0.46801
0.46731
0.46784
0.46736
0.46753
0.46644
0.46753
0.46724
0.46714
0.46637
0.46671
0.46664
0.46672
0.46609
0.46679
0.46593
0.46289
0.45682
0.45327
0.44764
0.44226
0.43449
0.42919
0.42313
0.41732
0.40758
0.4012
0.39328
0.38674
0.37491
0.36962
0.36228
0.35496
0.34569
0.33997
0.33253
0.32596
0.31668
0.31061
0.30317
0.29566
0.28601
0.28059
0.2728
0.26622
0.25623
0.25057
0.24373
0.23663
0.22793
0.2217
0.21408
0.20704
0.19698
0.18988
0.18365
0.17474
0.16857
0.16119
0.15371
0.14432
0.13761
0.13057
0.12258
0.11568
0.10805
0.10097
0.093395
0.086041
0.076177
0.06933
0.062822
0.054612
0.0466
0.039642
0.030723
0.023361
0.015152
0.0073925
3.8552e-06
3.8467e-06
3.8467e-06
2.7659e-06
3.8467e-06
3.8467e-06
3.8467e-06
0.0088075
0.017491
0.025199
0.034339
0.041565
0.047223
0.057547
0.063562
0.072084
0.078475
0.088208
0.095779
0.10347
0.1097
0.11864
0.12482
0.13263
0.13858
0.14653
0.15189
0.15947
0.16901
0.1752
0.18471
0.19171
0.19912
0.20486
0.21246
0.22143
0.23009
0.23737
0.2445
0.24971
0.26046
0.26704
0.27479
0.28068
0.28726
0.29553
0.30024
0.30809
0.31856
0.32467
0.33415
0.34116
0.34882
0.354
0.36307
0.36993
0.37689
0.3823
0.39172
0.39773
0.40637
0.41196
0.42202
0.43013
0.4383
0.44391
0.45375
0.46028
0.46803
0.47264
0.48438
0.49099
0.49823
0.50356
0.51318
0.52018
0.52726
0.53243
0.54222
0.54908
0.55601
0.56121
0.57061
0.57731
0.58397
0.58908
0.59786
0.60412
0.61061
0.61518
0.62256
0.62281
0.62304
0.62225
0.62394
0.62419
0.624
0.62317
0.6245
0.62414
0.62468
0.62418
0.6254
0.62536
0.62566
0.62482
0.62596
0.62587
0.62605
0.62518
0.62615
0.62602
0.62601
0.62517
0.62597
0.62594
0.62583
0.62505
0.62583
0.62565
0.62565
0.62479
0.62552
0.62538
0.62534
0.62459
0.62488
0.62449
0.6242
0.62303
0.62312
0.62345
0.62328
0.62249
0.62322
0.6238
0.62365
0.6227
0.62324
0.62316
0.62305
0.62227
0.62326
0.62337
0.62289
0.62214
0.62317
0.6232
0.62283
0.62205
0.62303
0.62306
0.6228
0.6219
0.62277
0.6228
0.62238
0.62151
0.62212
0.62178
0.62121
0.62071
0.62181
0.62169
0.62203
0.62119
0.62222
0.62209
0.62226
0.62138
0.62228
0.62219
0.6222
0.62138
0.6221
0.62204
0.62205
0.62125
0.6221
0.62202
0.62203
0.62125
0.62195
0.62187
0.62188
0.62105
0.62163
0.62111
0.62091
0.61973
0.61995
0.62036
0.62036
0.61949
0.62019
0.62094
0.62063
0.61979
0.62047
0.62098
0.62086
0.6199
0.62049
0.62093
0.62071
0.6198
0.62024
0.61984
0.61912
0.61444
0.61027
0.605
0.59694
0.58901
0.58456
0.57719
0.57043
0.5613
0.55669
0.5495
0.54003
0.53171
0.52717
0.51989
0.51282
0.50389
0.49892
0.49085
0.48352
0.47353
0.46897
0.46146
0.45489
0.44527
0.44085
0.43335
0.42712
0.41821
0.41302
0.40562
0.39892
0.38924
0.38422
0.37637
0.37002
0.35874
0.35404
0.34677
0.33982
0.33089
0.31979
0.31572
0.30857
0.30237
0.2936
0.28785
0.2799
0.27277
0.26286
0.25789
0.25062
0.24407
0.23551
0.22992
0.22289
0.21207
0.20676
0.2009
0.1924
0.18598
0.18008
0.17087
0.16526
0.15758
0.15098
0.14111
0.13452
0.12802
0.11941
0.11339
0.10611
0.099129
0.091517
0.083991
0.076924
0.069275
0.060197
0.054576
0.044998
0.038774
0.029226
0.022694
0.015211
0.0065388
6.2977e-06
7.7955e-06
7.7955e-06
7.7955e-06
7.7955e-06
7.7955e-06
0.011766
0.027452
0.035294
0.050983
0.062747
0.078431
0.082354
0.094119
0.11373
0.12157
0.13726
0.14902
0.16078
0.17647
0.18824
0.2
0.21177
0.22353
0.23137
0.24706
0.25882
0.28235
0.29412
0.30588
0.31373
0.32941
0.34118
0.36078
0.38039
0.38824
0.4
0.41569
0.43529
0.44706
0.45098
0.47451
0.48235
0.50588
0.5098
0.52157
0.53725
0.55294
0.56863
0.58039
0.59216
0.61176
0.61569
0.63464
0.65307
0.66029
0.67541
0.68317
0.69041
0.7047
0.71245
0.73123
0.73547
0.74789
0.75493
0.76699
0.77838
0.78742
0.80337
0.81644
0.8231
0.83503
0.84561
0.85202
0.86992
0.87409
0.88918
0.8958
0.90567
0.90918
0.92143
0.92114
0.91899
0.91948
0.91662
0.91199
0.90748
0.90196
0.89994
0.89376
0.88911
0.88343
0.87853
0.87611
0.87166
0.86605
0.86148
0.85616
0.85439
0.84953
0.84512
0.8402
0.8349
0.83411
0.83011
0.82513
0.8205
0.81534
0.81484
0.81032
0.80669
0.80248
0.79889
0.79487
0.79439
0.79043
0.78702
0.78407
0.77986
0.77966
0.77674
0.7734
0.77
0.76717
0.76713
0.76523
0.76137
0.759
0.75588
0.75548
0.75255
0.7502
0.74792
0.74527
0.74512
0.74329
0.73956
0.73834
0.73514
0.73532
0.73353
0.73098
0.7286
0.72617
0.72471
0.72425
0.72097
0.71999
0.71727
0.71564
0.71527
0.7125
0.71166
0.70862
0.7072
0.70716
0.705
0.70266
0.70085
0.69927
0.69937
0.69746
0.69686
0.69535
0.6934
0.694
0.69185
0.6902
0.68922
0.68741
0.68798
0.68614
0.68507
0.68387
0.68149
0.68014
0.68004
0.67933
0.67738
0.6757
0.67473
0.67435
0.67262
0.67181
0.66966
0.66848
0.66795
0.66699
0.66514
0.66279
0.65997
0.65995
0.65774
0.65562
0.65261
0.64975
0.6491
0.64663
0.64368
0.64022
0.63568
0.63572
0.63628
0.63593
0.63629
0.63606
0.63581
0.63588
0.63651
0.63626
0.63677
0.63655
0.63623
0.63628
0.63696
0.63643
0.63675
0.6365
0.6361
0.63616
0.63668
0.63656
0.63683
0.6368
0.6372
0.6371
0.63657
0.63649
0.63685
0.63682
0.63684
0.63673
0.63689
0.63681
0.63689
0.6368
0.63687
0.63681
0.63692
0.63684
0.63678
0.63663
0.63678
0.6367
0.63666
0.63654
0.6368
0.63676
0.6368
0.63667
0.63678
0.6367
0.63673
0.63658
0.63692
0.63687
0.63631
0.63623
0.63656
0.63653
0.63657
0.63642
0.63661
0.63655
0.6365
0.63629
0.63683
0.63672
0.63681
0.63641
0.63679
0.63673
0.63672
0.63655
0.63676
0.63671
0.63659
0.6364
0.63659
0.6365
0.63638
0.63619
0.63646
0.63638
0.6363
0.63613
0.63611
0.63601
0.6359
0.63571
0.63593
0.63585
0.63589
0.63573
0.63605
0.63602
0.63604
0.63585
0.6361
0.63603
0.63604
0.63588
0.6361
0.63602
0.63598
0.63579
0.6361
0.63606
0.63604
0.63589
0.63584
0.63595
0.63579
0.63562
0.63582
0.63575
0.63551
0.63538
0.63564
0.63562
0.63562
0.63548
0.63566
0.63562
0.63561
0.63551
0.63571
0.63564
0.63562
0.63549
0.63572
0.63568
0.63563
0.63548
0.63547
0.63523
0.63471
0.63232
0.45904
0.67432
0.67425
0.67312
0.67375
0.67382
0.67219
0.67249
0.67036
0.67016
0.67099
0.66942
0.66918
0.66801
0.6677
0.66771
0.66692
0.66683
0.66492
0.6653
0.66512
0.66363
0.66334
0.66102
0.66095
0.66096
0.65881
0.6588
0.65708
0.65712
0.65693
0.65478
0.65437
0.65251
0.65155
0.65176
0.64936
0.64909
0.64517
0.64586
0.64548
0.64384
0.64347
0.64002
0.63878
0.63915
0.63423
0.63433
0.63477
0.63474
0.63476
0.63472
0.63502
0.63497
0.63501
0.6349
0.63506
0.63504
0.63501
0.63489
0.63512
0.63505
0.63501
0.63489
0.63513
0.63506
0.63503
0.63488
0.63487
0.63478
0.63456
0.63442
0.63472
0.63433
0.63434
0.63419
0.63445
0.6344
0.63442
0.63428
0.63452
0.63446
0.63451
0.63437
0.63462
0.63456
0.63439
0.63427
0.63453
0.63447
0.63452
0.6344
0.6345
0.63443
0.63425
0.63408
0.63443
0.63434
0.63376
0.63367
0.634
0.63395
0.63398
0.63386
0.63407
0.63401
0.63405
0.63391
0.63416
0.63413
0.63401
0.63389
0.63417
0.63413
0.63421
0.63408
0.63423
0.63415
0.63399
0.63381
0.6339
0.63383
0.63379
0.63368
0.63387
0.63387
0.63387
0.63375
0.63374
0.63368
0.63382
0.63369
0.63389
0.63385
0.63373
0.63356
0.63382
0.63379
0.63381
0.63368
0.63377
0.63377
0.63369
0.63358
0.63351
0.76227
0.76267
0.7631
0.76315
0.76269
0.76307
0.76332
0.7634
0.76303
0.76348
0.76326
0.76303
0.76273
0.76349
0.76331
0.76326
0.76276
0.76316
0.76331
0.76323
0.76339
0.76337
0.76328
0.76314
0.7627
0.76305
0.76296
0.76269
0.76239
0.76292
0.7629
0.76275
0.76252
0.7627
0.76286
0.76278
0.76247
0.76278
0.76267
0.76238
0.76208
0.76268
0.76267
0.76243
0.76202
0.76229
0.76246
0.76236
0.76201
0.76241
0.76234
0.7621
0.76177
0.76233
0.76226
0.7621
0.76176
0.76197
0.76211
0.76204
0.76175
0.76197
0.76193
0.76173
0.7616
0.76199
0.76196
0.76179
0.76149
0.7613
0.7617
0.76118
0.76165
0.76124
0.76119
0.7608
0.76128
0.76075
0.76123
0.76134
0.76143
0.76098
0.76133
0.76111
0.76131
0.76069
0.76111
0.761
0.76091
0.7604
0.7609
0.76129
0.76132
0.76082
0.76115
0.76075
0.76103
0.76053
0.76103
0.76081
0.76076
0.76019
0.76058
0.76084
0.76064
0.75966
0.76017
0.76018
0.75986
0.7593
0.75935
0.75945
0.7592
0.7585
0.7578
0.75815
0.75735
0.75741
0.75751
0.7571
0.7562
0.75513
0.75488
0.75478
0.7543
0.75368
0.75363
0.75344
0.75298
0.75188
0.752
0.75176
0.75127
0.74964
0.74986
0.7496
0.74913
0.748
0.74673
0.74657
0.7453
0.74518
0.74438
0.74395
0.74237
0.74183
0.74195
0.74151
0.74116
0.74034
0.74021
0.73957
0.73909
0.73751
0.73758
0.73655
0.73563
0.73459
0.73417
0.73347
0.73322
0.7321
0.73195
0.73102
0.73071
0.72918
0.72871
0.72876
0.7278
0.72749
0.7266
0.72561
0.72511
0.72516
0.7241
0.72396
0.72324
0.7222
0.72181
0.72199
0.7212
0.72106
0.72051
0.7207
0.72003
0.71922
0.71895
0.71818
0.71797
0.71669
0.71615
0.71479
0.71421
0.71294
0.71278
0.71189
0.71222
0.71186
0.71122
0.7113
0.71153
0.71036
0.71004
0.70885
0.70868
0.7073
0.70686
0.70696
0.70604
0.70604
0.70509
0.70532
0.7053
0.70465
0.70408
0.70395
0.70293
0.70194
0.70072
0.70074
0.69988
0.69928
0.69823
0.6983
0.69773
0.69728
0.69635
0.69643
0.69601
0.69535
0.69459
0.69461
0.69395
0.69319
0.69266
0.6916
0.69138
0.69039
0.69006
0.69024
0.68948
0.68985
0.68968
0.68983
0.68916
0.68979
0.68968
0.68949
0.68905
0.68908
0.68895
0.68932
0.68907
0.68892
0.68832
0.68887
0.68886
0.68854
0.68803
0.68857
0.68846
0.6885
0.68799
0.68772
0.66541
0.63693
0.61033
0.5798
0.55158
0.5236
0.4917
0.4645
0.43641
0.40884
0.37823
0.34633
0.31938
0.28828
0.26161
0.2321
0.20494
0.17522
0.14767
0.12101
0.091621
0.062685
0.031202
6.6381e-07
6.6381e-07
6.6381e-07
6.6381e-07
6.6381e-07
6.6381e-07
6.6381e-07
6.6381e-07
6.6381e-07
6.6381e-07
6.6381e-07
6.6381e-07
6.6381e-07
6.6381e-07
6.6381e-07
6.6381e-07
6.6381e-07
6.6381e-07
6.6381e-07
6.6381e-07
6.6381e-07
6.6381e-07
6.6381e-07
6.6381e-07
6.6381e-07
6.6381e-07
6.6381e-07
6.6381e-07
6.6381e-07
6.6381e-07
6.6381e-07
6.6381e-07
6.6381e-07
6.6381e-07
6.6381e-07
6.6381e-07
6.6381e-07
6.6381e-07
6.6381e-07
6.6381e-07
6.6381e-07
6.6381e-07
6.6381e-07
6.6381e-07
6.6381e-07
6.6381e-07
6.6381e-07
6.6381e-07
6.6381e-07
6.6381e-07
6.6381e-07
6.6381e-07
6.6381e-07
6.6381e-07
6.6381e-07
6.6381e-07
6.6381e-07
6.6381e-07
6.6381e-07
6.6381e-07
6.6381e-07
6.6381e-07
6.6381e-07
6.6381e-07
6.6381e-07
6.6381e-07
6.6381e-07
6.6381e-07
6.6381e-07
6.6381e-07
6.6381e-07
6.6381e-07
6.6381e-07
6.6381e-07
6.6381e-07
6.6381e-07
6.6381e-07
6.6381e-07
6.6381e-07
6.6381e-07
6.6381e-07
6.6381e-07
6.6381e-07
6.6381e-07
6.6381e-07
6.6381e-07
6.6381e-07
6.6381e-07
6.6381e-07
6.6381e-07
6.6381e-07
6.6381e-07
6.6381e-07
6.6381e-07
6.6381e-07
6.6381e-07
6.6381e-07
6.6381e-07
6.6381e-07
6.6381e-07
6.6381e-07
6.6381e-07
6.6381e-07
6.6381e-07
6.6381e-07
6.6381e-07
6.6381e-07
6.6381e-07
6.6381e-07
6.6381e-07
6.6381e-07
6.6381e-07
6.6381e-07
6.6381e-07
6.6381e-07
6.6381e-07
6.6381e-07
6.6381e-07
6.6381e-07
6.6381e-07
6.6381e-07
6.6381e-07
6.6381e-07
6.6381e-07
6.6381e-07
6.6381e-07
6.6381e-07
0
0.61272
0.61469
0.61365
0.61505
0.61294
0.61473
0.61332
0.60696
0.60321
0.60561
0.60446
0.60541
0.60307
0.60526
0.60404
0.60496
0.6026
0.6091
0.61269
0.61389
0.61188
0.61475
0.61386
0.61505
0.61274
0.61356
0.60506
0.60532
0.60223
0.60429
0.60273
0.60339
0.60065
0.60333
0.60256
0.60404
0.60826
0.61085
0.60989
0.61123
0.60923
0.61166
0.61061
0.61171
0.60931
0.60441
0.60266
0.60268
0.59753
0.59963
0.59848
0.59979
0.59742
0.60008
0.59927
0.60699
0.60512
0.60832
0.6074
0.60894
0.60673
0.60893
0.60746
0.60775
0.59957
0.60097
0.59946
0.60025
0.59756
0.59987
0.59872
0.59941
0.5969
0.59975
0.60548
0.60731
0.60562
0.60705
0.60821
0.60901
0.60702
0.6092
0.60821
0.60136
0.59955
0.6013
0.5998
0.60073
0.59859
0.60043
0.59918
0.59997
0.59793
0.6059
0.60507
0.60637
0.60473
0.59976
0.59156
0.60221
0.59405
0.5866
0.60661
0.56896
0.55378
0.58038
0.571
0.58165
0.5885
0.59293
0.59527
0.60039
0.60475
0.60689
0.59262
0.59389
0.56058
0.60284
0.60683
0.60164
0.51014
0.58082
0.58575
0.57177
0.60248
0.59348
0.57079
0.50325
0
0.34366
0
0.21467
0
0
0
0
